2001/12/31 00:00            注）必ず前年の12月31日を最初に入れること
-16-11 21 73133186223235222189149114 92 91110144181210224216186138 81 29 11231NG
 -8-23 -9 32 89149199230234214177137104 89 94119155190215223209173122 67 2 1 1NG
 18-13-19  3 48106163207230227202163125 98 89100127162193212215197159109 2 1 2NG
 57 15 -8 -6 22 69124174210225215186149115 94 90104132163189204203183146 2 1 3NG
100 56 22  7 15 46 91139182209215201171137108 92 92106130156178190188170 2 1 4NG
138 99 63 38 30 41 70110151185204204187159129105 91 91102121143163174174 2 1 5NG
160135105 77 59 55 67 92125159184197194176151124102 89 85 92107127146159 2 1 6NG
164157140118 97 83 79 88108135162182191186170147122 99 82 74 77 89109131 2 1 7NG
149160161152136118104 98103118140162179187183169147120 93 71 59 59 72 94 2 1 8NG
120145163171167154136119110110122141162179187185171146114 82 56 42 42 58 2 1 9NG
 85117149174186184168147126113111122142164182192189172142105 68 40 25 28 2 110NG
 49 83123161189201196176149125110109122144169189198192170134 91 52 23 12 2 111NG
 20 48 90135177204213201174143117103105124151179199205193163121 75 35  9 2 112NG
  3 20 57105154194217217197164130105 96105130162191208207188150103 57 20 2 113NG
  0  3 29 74126174208222212184148115 94 93111142176202213204176133 84 39 2 114NG
  9 -2 12 48 97149192217220200165128 99 87 95121156189209212195159112 64 2 115NG
 26  5  6 31 74124171205218209181144109 88 86103135170197210204179138 92 2 116NG
 49 20 10 23 57102149188210211192159123 95 83 90114147178199204190159118 2 117NG
 75 41 23 25 48 86130169197208198172139108 88 84 98124154180194192173140 2 118NG
101 66 42 36 48 76113151182199199182154123 98 86 89105130155174183176155 2 119NG
125 92 66 53 56 74102135165187194186166139113 95 88 93108129149164170162 2 120NG
143117 93 76 71 79 97123149172185185174153130109 94 88 92104121139153157 2 121NG
152138119103 93 91 99115135155172179177165146126107 92 85 85 94109127142 2 122NG
150150142130119111109113124140156168174172161145125104 86 74 71 79 95116 2 123NG
135150156155148137127120120126138153166173173164147124 98 74 58 53 61 81 2 124NG
108135157171173166152136124119122134151167177180171150120 87 57 36 31 43 2 125NG
 70105141171190193181161138120111115130152173188191179151113 71 36 13 10 2 126NG
 28 64109154190209209190161132110101108129158184202203185149102 53 14 -8 2 127NG
 -7 19 65120171209226218190154119 96 90103133168199216213188143 88 34 -6 2 128NG
-25-16 20 76137191226235218182139103 81 81103140180212226218185132 72 18 2 129NG
-20-32-14 33 95157208236236209165120 85 69 77107150191220230215176119 58 2 130NG
  7-24-27  2 55119178221238227191144100 70 62 79114158197221226205162105 2 131NG
 49  6-15 -7 29 84144194226231209168122 83 61 61 83121161195215214190147 2 2 1NG
 95 47 15  6 23 63115165204223216187145103 72 58 64 88123158186200196172 2 2 2NG
133 91 56 36 36 59 96140179205212197165127 92 68 60 69 91120149171182177 2 2 3NG
157127 97 74 64 70 92124157184198196177148116 88 71 65 71 88111134153163 2 2 4NG
161148130111 98 93100117140163180187181163139113 91 75 67 69 80 97117135 2 2 5NG
148153150142131122118121130145161172175170157139118 96 78 66 62 68 82102 2 2 6NG
123141154160159152141133129132141152162168167160145124100 76 58 50 53 68 2 2 7NG
 91118145166177177167151136126125132144158168173168153128 97 68 46 36 40 2 2 8NG
 59 89124158183194190172149128115113123141161177183177157125 89 55 31 22 2 2 9NG
 32 59 97139177201207193167137113100104121146172190195183155115 74 38 16 2 210NG
 14 32 69115161197215210186152118 95 88100126159187203202182144 99 55 22 2 211NG
  6 14 43 89139184213220202169130 97 79 82105140176203213202171126 78 36 2 212NG
 10  5 25 65117167204222214185144105 77 69 84117158193214215193154104 57 2 213NG
 22  6 15 48 96147191217220199160118 82 64 68 95134175205217208177131 82 2 214NG
 41 16 14 37 79129175207219208175133 93 66 59 76110151187210212193155108 2 215NG
 64 33 22 35 68113159195214211187149108 75 58 63 88125163193206200173133 2 216NG
 90 56 38 40 64101144180204209194163124 88 65 59 73101136169190196182153 2 217NG
116 81 59 53 66 95131166191203196173139104 77 63 66 83110141167182181165 2 218NG
137107 83 72 76 94122152177192193179152122 93 74 67 72 89113138158169167 2 219NG
152131110 96 93101118140162178184179162138113 91 77 71 75 88107128146156 2 220NG
156148135123115115121132147161171173167153134113 95 80 71 71 79 94114133 2 221NG
146153154149142136132132136144153161165162153139121100 80 65 58 62 76 98 2 222NG
122144160169169163152140132129133142153163167164152131103 74 51 38 40 56 2 223NG
 84117150176190191178159138122115119132151170181182167139101 63 32 15 18 2 224NG
 40 77122165197212207185154125103 96105128157184201201181142 94 47 11 -7 2 225NG
  1 32 81136186219229214180140104 81 78 96130169203221217188140 82 29 -8 2 226NG
-21 -5 38 97158208237236209164117 79 59 65 94138185220236226188130 68 15 2 227NG
-19-24  3 57122183228245232192140 90 55 43 59 99150198232242224178117 56 2 228NG
  7-18-11 28 87151206239242215166111 65 37 35 62109161206234237212163104 2 3 1NG
 49 10 -2 17 63122178220238227189137 85 46 28 38 72119168206227223193146 2 3 2NG
 94 51 26 27 55102153197224227203160110 66 37 31 48 83126167198211202172 2 3 3NG
132 92 63 53 64 94135175204216206176134 92 58 40 42 61 92127160182189179 2 3 4NG
155126100 85 84100126157184199199183153117 85 62 52 55 71 95122146163168 2 3 5NG
162147130117111114127145165180186180163138113 90 73 65 66 76 92111130144 2 3 6NG
152154150144138134135140150160167169163152136119102 87 76 71 73 82 97115 2 3 7NG
132147157162161156149143140141146152155156152144132115 96 79 67 64 70 85 2 3 8NG
106129152170179177167152137128126131140151159162158145123 97 73 57 51 58 2 3 9NG
 78106138168188195186166142122110110120138157172178172152122 89 61 43 39 2 310NG
 53 81118156188205203184154124101 92 98119146172189193179150112 75 45 30 2 311NG
 33 57 95139180208215201170132100 80 78 96127162191206202178139 95 56 30 2 312NG
 22 37 72119166203221215187146105 75 63 74104145183209217202167121 75 39 2 313NG
 21 26 54 99149192219223202162117 78 55 55 80121166203222218192148 99 57 2 314NG
 29 23 42 82132179213226213179132 87 55 44 58 95142186217226211174126 79 2 315NG
 44 28 37 70116164203223220193149101 62 40 43 70115162201222220194152105 2 316NG
 65 41 40 63104150190216221203165118 74 45 36 52 89135178208219207174130 2 317NG
 89 60 51 63 95137177205217207177134 91 56 39 43 68107150185206208188153 2 318NG
115 84 68 71 92127163192208206185150109 73 49 43 56 84121157185198192170 2 319NG
138109 89 85 96121151178195200188162127 92 66 52 53 68 95127156176184176 2 320NG
157133114104107120141163180188185169144114 88 69 60 62 76 97123146163170 2 321NG
165153139128124127137150163172175169156136115 94 78 69 67 74 89110131149 2 322NG
160163160154148143140142146152158161160153142126108 89 73 63 63 73 92116 2 323NG
139159172177174165153142133131135143153161164159145123 96 70 51 45 53 74 2 324NG
105138168189198193175152130114109116132153172184182165134 96 60 34 24 34 2 325NG
 63103147186211217203174139108 88 85100128162191208206181139 90 46 16  8 2 326NG
 24 62114167209231228201159115 79 61 65 91133178213231223189137 81 33  3 2 327NG
  1 27 76136191230244227186134 85 50 37 52 92145195232246230187129 70 24 2 328NG
  0  7 45102164215244244213161103 54 25 23 51101159210244250226177117 62 2 329NG
 23 10 29 76135191232247231188130 73 30 10 20 59114172218245243213163107 2 330NG
 60 33 33 63112166212238237208158100 49 16  9 29 73127179218235227194147 2 331NG
101 67 54 66100146190220231216179128 77 37 16 19 46 89137179209218205174 2 4 1NG
136103 83 81100133170200217214190151106 65 38 28 38 65102140173193197184 2 4 2NG
160133113104110129156181198202191165131 96 67 50 46 58 80108137161175177 2 4 3NG
168154139128126133147163177185182169148122 98 79 67 65 73 87107129147159 2 4 4NG
164163157151145143145150158164167164155141126110 95 84 79 79 87101118136 2 4 5NG
150161168169165157150144141143147150152151147138126110 95 83 78 81 92110 2 4 6NG
130151169180182175161144131124124131141152159161154139118 97 79 70 72 85 2 4 7NG
108135162184195192176152129111104109123143162175177167146117 90 69 60 65 2 4 8NG
 85115149181202206193166134106 88 86100126155179193192173143108 77 57 52 2 4 9NG
 65 94132171201215208183146108 80 68 76102138174200209199171132 94 63 48 2 410NG
 52 76114157195218220199162118 80 57 55 76115158195217218197160117 78 52 2 411NG
 46 62 97142184215226213179133 87 53 40 52 87134181215229219187143 99 65 2 412NG
 48 55 83126171208227223195150101 58 34 33 60105157201228232210170125 84 2 413NG
 59 54 74112157197223228208168118 70 36 24 38 77128178216233225195151108 2 414NG
 76 62 71101143184214226216183137 87 47 25 26 53 98149193222229211176134 2 415NG
 98 76 75 95131170202219217195155107 64 35 25 38 72118164201220217193158 2 416NG
122 96 86 96122156188208213200169128 86 52 33 34 55 91133171199210201177 2 417NG
146119104104119145172194203199179147109 75 51 41 48 70103138170191196186 2 418NG
166143125118123138157176188191182161133103 77 59 53 60 78105135161178184 2 419NG
178164149139134137146158168175175168152132109 88 72 64 66 78 99124148167 2 420NG
177178172163153146142142146152159163162155143125104 84 69 64 69 86111138 2 421NG
162180188187178163147133126125132144157167170163146120 92 68 55 57 73101 2 422NG
134166191204203187163136113100101114136161182192187165131 93 62 44 45 64 2 423NG
 99140180209222213187150113 85 72 77101136173203216208179136 91 54 35 38 2 424NG
 64108157200228234214175128 84 54 45 60 96144190224236222185135 85 48 32 2 425NG
 42 77127179221242236203153 98 53 27 26 52101157207240248227183130 81 47 2 426NG
 38 57 99153203236246227182124 69 27  7 18 56112171220249250222175123 79 2 427NG
 53 53 81128179221243239207155 95 43  9  0 22 68126183226248241210164117 2 428NG
 81 66 77111157201230239222181127 71 28  4  6 36 85140190225238226193152 2 429NG
114 90 86105140180212229225199155103 57 23 11 23 56102150191217223207178 2 430NG
144116103108131162192213218204174132 89 53 31 28 44 76116155187205205190 2 5 1NG
166141124119129149173193203200183153119 85 60 47 49 65 92124155179190189 2 5 2NG
177161144135134142156172183187181165141115 91 74 66 68 81102127151169179 2 5 3NG
180173163152145143146153161168170166155139121104 90 82 82 90105125145162 2 5 4NG
173178176169159150142139140145152157158154146133118103 93 88 92104122142 2 5 5NG
161176184184176162146132123123129140152160163159147129111 96 88 89101121 2 5 6NG
144167185195192178157133114103105117136156171178173157135111 92 83 86101 2 5 7NG
126154180199205195172142112 91 83 92114142169188194184162134106 86 78 86 2 5 8NG
108138171198212209189156118 86 68 68 87119156187206207190160127 97 79 77 2 5 9NG
 92121157191214220205173131 90 60 49 60 91133175207221214189152116 88 75 2 510NG
 81106142180210225218191148102 62 38 38 61103152196224230214180141105 82 2 511NG
 77 94127167202224227207168119 73 38 24 36 72122173214235232207168128 96 2 512NG
 81 87113151190218230219187140 90 48 22 20 45 90143192226239226194153117 2 513NG
 92 87103136175207226225203162112 65 31 16 26 60110162205231234214179140 2 514NG
110 95100124159193216224212181137 89 49 23 19 39 79128175211228224199165 2 515NG
132110105117144176202216214194160116 74 42 26 30 55 95140181210220210186 2 516NG
156130117118134158183201207199177143104 69 45 35 44 70106146180203209199 2 517NG
177153135126130144163181192194185164135103 74 55 48 57 79111145175195200 2 518NG
192176157142135136144157169178181175160137111 86 68 60 65 83110141169189 2 519NG
197193180164148137132134141152163171173165149127102 81 68 68 82106137166 2 520NG
188200199188169148130117114120134152169179179167145117 90 72 68 79104136 2 521NG
169195209209194169139112 94 88 97119147174193198187162128 96 74 67 78105 2 522NG
142178207221217195160121 87 66 63 78110148184210217204174135 99 74 68 82 2 523NG
113154193221231219187142 97 60 40 42 67108156198226233216180137 99 76 72 2 524NG
 91128171209233235213171120 71 35 19 29 64114167212239242219180136100 80 2 525NG
 82107147190223239232200150 96 48 16  8 27 69124179223246243216175133101 2 526NG
 87 96126167206232239221181128 74 31  6  7 34 82138191229246236206166128 2 527NG
103 97114147185217234230204160107 58 22  6 16 50 99152199230239224193156 2 528NG
125108110132165198221228216184139 91 49 22 16 33 70117164203225227209179 2 529NG
147124115124148177203217216198165123 82 49 31 33 54 90132172202216212194 2 530NG
167142126124136158182200207201180149113 79 55 46 53 76108144176198206199 2 531NG
181159140130132143161178191194185166139110 84 68 64 73 93121151177193197 2 6 1NG
190174157142135135143156169178180173157136113 94 82 80 89106130155176188 2 6 2NG
191185173158144135132136145156166170167156140122106 96 93 99114135157175 2 6 3NG
187191186174158142129121122131144157166168162150134118106101105118138159 2 6 4NG
178191195189175155133115105106118136155169176173161144125111104108121142 2 6 5NG
165185198201191171144117 96 86 91108134160180189186172150128111104109126 2 6 6NG
150175196207205189160127 95 74 68 80106140172195204198178152127109104112 2 6 7NG
134161189208215205179142103 71 53 54 75111152188212218205180149122106104 2 6 8NG
119146177204219218198163119 78 48 36 47 78123169206227227207175142116103 2 6 9NG
108130161194217226215185141 94 54 29 26 47 88139187222237229203167134110 2 610NG
104116144179209227227206167118 71 34 17 23 54103156202233241225194157125 2 611NG
107108128160194220230221191147 97 52 22 12 28 67119172214238238217182146 2 612NG
120108117142175205224227210175128 80 40 16 15 39 83135184220237231205171 2 613NG
138117113127154185210222219197160114 70 36 19 26 54 98147191221231220193 2 614NG
161134119120136161188207215207184148106 67 39 29 40 70112157195219223210 2 615NG
184155132121124139161183198204196175142105 72 50 44 56 84123162195214216 2 616NG
202177152132122124135153171186193188171144112 84 65 60 71 96131166195210 2 617NG
211197174150130118116123138156174184185174152125 99 81 75 84106137169195 2 618NG
209209196173148125108101105120141163181188183166142116 96 88 94113142173 2 619NG
197211211196172142113 91 81 85102129158182196196182158131108 97101120148 2 620NG
178202215214197167131 97 71 60 65 88121157188208211197171141117104107126 2 621NG
155185210221217194159117 78 51 40 50 79119162199221225209179147121108112 2 622NG
133163195218227217188146100 59 33 26 42 77124171211233234214181147121110 2 623NG
117141174205226229213178131 83 43 20 19 41 83134184222241236212177142118 2 624NG
111124152186215231228205164115 68 31 14 20 49 96148197230243232203167135 2 625NG
115114133164197222232222193149100 56 25 15 29 65113165208235239221190154 2 626NG
126113120144176206225228211177132 86 48 25 24 46 85134180216233229206173 2 627NG
141120115128155186211223219197161117 76 46 32 40 68108153193219227216189 2 628NG
158131117119137163190210216206181145106 72 50 46 61 92131170201218217200 2 629NG
174146125117124143167189203205192166133100 74 62 65 84114149181204213206 2 630NG
187162138123119128145165183193192179155127101 83 77 85105133162188203206 2 7 1NG
196177154135123120127141158173182182170151128109 97 95104122146170190200 2 7 2NG
199188171151133120116120131148163174175168153136121112110118134154174190 2 7 3NG
198196185168148128113106108120137156170176173162148134125122127140158177 2 7 4NG
191198195184165142119100 91 94108130153172183184175161145133127131143161 2 7 5NG
180194201198184160132104 83 74 80 99127157181196198188171151135128131145 2 7 6NG
165185201207201181151117 85 63 57 68 95130166195211212198175151133125131 2 7 7NG
148171194210214202175138 98 65 44 42 61 96139180211226222202174147127121 2 7 8NG
131153181205220219201166122 78 44 27 32 58102151196227238227201168138120 2 7 9NG
118134161192217229222196153105 59 27 14 27 62113167212240244226193157128 2 710NG
113117139172204227234221187139 88 43 14  8 29 73128183225247244219182145 2 711NG
118108119147182214233235215176126 74 32  9 11 40 89145197234248238207168 2 712NG
132110107123154189218233230206165114 65 28 13 23 57108163209238244226191 2 713NG
153121105107127159192217228222196154106 63 33 26 42 80129178217237235211 2 714NG
176140113102108129159188209218211185147104 69 47 46 67103148189219231222 2 715NG
196162130108100107126152178198207200177145110 83 68 71 92125162196218223 2 716NG
210184152124104 97102118141165185195191175150124103 92 96113141172198214 2 717NG
214200176147120101 91 92105126151172186188179162142124114115129151176197 2 718NG
209208195172145117 95 81 79 90111138163183192190178161143131128137155176 2 719NG
195206206194172143113 86 69 65 75 98129160186202205195176155139133139154 2 720NG
175194206208197173141105 75 55 50 63 90126163195215219207184159139131136 2 721NG
153176197211213200173135 95 62 42 39 56 88131174209229230212184154133125 2 722NG
133154180205219219201168125 83 49 30 32 55 95143189224239233208175144123 2 723NG
119132159190215227222198158112 69 37 24 33 64110161206235243228196160129 2 724NG
113116137169201224231219188144 97 56 30 24 43 82132182221242239214178141 2 725NG
115106118146182213231231211174127 81 46 29 34 62107157202232241226195157 2 726NG
123104105125159194220231223197155109 69 43 36 53 89135181217235232208173 2 727NG
136110100110136171202222226211179137 95 63 48 53 79118162200225231217187 2 728NG
152120102101117146178204218215194161122 88 67 63 77108146183211225220199 2 729NG
167135111100106125153180200208201178147115 90 79 84104134167196214218205 2 730NG
181151125107102110129153176192196187166140116101 98108128154180201211207 2 731NG
191167141120107104112128148168182185178161142126117118128145166186199203 2 8 1NG
196180159137118106102107121139158173179175165152141135135142155170185194 2 8 2NG
196189175156136117102 95 98110129150168178181176167157149146148156169181 2 8 3NG
190193188175157134111 92 82 84 97119145168185193192183170157148146153165 2 8 4NG
179190196193180158130101 77 65 67 84112145176199210208195176156143139146 2 8 5NG
161180196205203186158122 86 59 46 51 74110151189217228221200173148132129 2 8 6NG
140162187208218213191154110 68 39 27 37 69115164207235242227197163135118 2 8 7NG
119137166198222232222192146 95 50 20 13 31 72127182226250249224187148118 2 8 8NG
104112138175211236243226188135 80 34  7  7 35 86146202242258247213169128 2 8 9NG
101 93109144186223246247224179122 67 24  4 13 51107168220253259236195148 2 810NG
108 86 87111152195230248245216167110 59 23 13 32 76134191234255249218172 2 811NG
126 92 77 86116158199230244235203155103 59 34 34 61107161208240249232195 2 812NG
149108 81 74 89121160197223232220189145102 70 56 64 95138182218238235211 2 813NG
172131 97 78 77 94123157188209216204177143111 90 85 98126161195219228217 2 814NG
191155121 94 80 81 96120148174193199191172149128115115127148174198212214 2 815NG
200176147119 97 85 84 93112135158176186185176162149140139145160177193202 2 816NG
200189170147124103 88 82 86100120144165180188187180169159152152159171183 2 817NG
191193187174154130107 87 75 75 87107134161184199203197183167154148151161 2 818NG
175187193193182162135105 80 65 63 75100132166196215219208187163145136140 2 819NG
153172190202204192167133 98 69 52 52 69100140181213230228208179150130122 2 820NG
131151177200214214197165125 85 55 41 46 71111157200230240228198163131113 2 821NG
111128157189215227221195155110 70 43 35 49 84131180220242241217179140111 2 822NG
 98107134171205229235219185139 92 55 35 37 63107158205236246231197154117 2 823NG
 93 91111147188221238234209167119 75 46 36 52 88137186225244239212170128 2 824NG
 96 82 92123165204231240226192146100 64 45 49 77120169210237242223186143 2 825NG
104 81 80101139181215234233211172126 86 61 55 72108153195226238229199159 2 826NG
118 88 76 86115154192219230220191151112 82 68 76102141181213231230209173 2 827NG
134100 80 79 97129165197216219203173137106 88 86103133168199220225213186 2 828NG
150116 92 81 87109138169194207205186159131110103110130158185206216212193 2 829NG
165134107 91 87 96116142167186195191175154135124124134152173191203205196 2 830NG
176151126107 95 93101117137159175184181171158148142144151163177188194193 2 831NG
183167147128111 99 94 98109127147165176180178172165160158159164171179184 2 9 1NG
184178167152134115 99 88 87 95113135157176188192190182172162156155160168 2 9 2NG
177183184178163142116 92 75 69 77 98126157185204212207193173155143140147 2 9 3NG
161178192199194176146111 78 55 48 59 87125166201224230219194164139124123 2 9 4NG
136160187209219211186145100 60 35 29 46 84133183223244243220184146117102 2 9 5NG
107131166202229238225189139 86 42 17 17 44 93151205244259246210164121 92 2 9 6NG
 82 97133178220247253231186128 71 28  8 17 55113175228260263237190138 94 2 9 7NG
 69 68 95141192235259258229177116 61 22 11 31 79141201246266255217163110 2 9 8NG
 70 52 63 99151203243262254218164106 57 29 29 60112172223255260236189134 2 9 9NG
 85 53 46 66109161208242255241203151101 63 47 59 96147197235252244210160 2 910NG
109 68 47 50 76119166206233239222186143104 80 76 96132175212236239220182 2 911NG
136 93 63 52 61 88125164196216218202174142117105109130160191215225219195 2 912NG
160122 90 70 64 74 96126156181197198188169151137132138154174193206208198 2 913NG
176148120 97 83 78 84 99120143164179184182175166158155157164174185191190 2 914NG
182167149129111 97 88 87 95110129149167180187188183175167161160163169175 2 915NG
178176170159143125106 91 83 85 98118142166187200204197183166152145146154 2 916NG
164175182182174156132107 85 74 74 88113144175202216216201178153135126130 2 917NG
144164182195198187163131 99 74 62 66 86118157193220230220194162132113109 2 918NG
121145173198213211193160121 86 61 53 64 93134178215235234212176138108 93 2 919NG
 98121156191217227218189148105 70 50 50 73112159203233243228193150110 85 2 920NG
 79 97132174211233235214176130 87 57 47 59 93140188225244239209165120 84 2 921NG
 68 76106151195229243233202157110 73 52 54 79123171214240244223182134 91 2 922NG
 64 60 82124172214240243223183136 93 65 57 73109156200232244232197150104 2 923NG
 68 53 64 98145192227243235205162118 84 67 73101143186221239235209167120 2 924NG
 80 56 54 77117164205231237220185143106 83 80 98133173208230233216181137 2 925NG
 95 65 54 64 95136178211227224200165130104 94102127161194218226217191153 2 926NG
113 81 62 62 80112150184208217207183152126112112127153181204215213196167 2 927NG
132100 77 68 74 94123155182199202191171149133127134149170189201204196176 2 928NG
149121 98 83 78 85102126151173186189182168156147146152162174185190189180 2 929NG
163143122105 93 87 90101119140160174182181177170165161161163167172176176 2 930NG
171162150134117101 89 85 90104125148168183192193188178167157151150155162 210 1NG
170175174166151128104 83 72 73 87111141171195210211201182160141130129138 210 2NG
155174189195188167135100 70 53 54 72104145184215230227206174142116104107 210 3NG
127157188211220209178135 90 54 36 39 65109159205237247232198154114 86 77 210 4NG
 91124167207235242223182129 78 40 24 34 71125182229255254225178126 82 57 210 5NG
 56 83129182227255256229179120 67 32 23 44 91151208249264249206149 94 52 210 6NG
 34 45 84140198243266260225169110 62 34 35 67120180230260261231178117 64 210 7NG
 29 22 45 93153210250267253213158104 64 47 60 99153206244259245204146 88 210 8NG
 42 18 22 55107165215248256237197147103 75 71 93134182222245246220174119 210 9NG
 68 33 21 34 71120171212236238217181142110 95101126163200226235224192147 21010NG
100 61 38 35 53 87129170202219217198170143124119130153180204217216199168 21011NG
130 94 67 53 55 72 99132163187199197185168152142142151166183196200194177 21012NG
153125100 82 73 74 86105128152171183185181173165158157159166173179180176 21013NG
165149132115100 91 87 91103121141159174184187184177168160154153155160164 21014NG
165163157147132116101 91 89 97112133155176191198196184168151138133136145 21015NG
156167173172163145124103 88 83 90107133161187205211202181155132116112121 21016NG
139159178189189175151122 96 79 75 86110143176205220217198167133107 93 96 21017NG
115143173196207201179147113 85 70 71 90123161197222229214182142106 81 75 21018NG
 89120158193216221206174135 99 73 64 75104144186218234228199157113 77 60 21019NG
 65 93135179214231227201162120 86 66 67 89127171210234236214174126 82 53 21020NG
 47 66107156201231240224189145104 76 66 79112156198229239226191142 93 55 21021NG
 37 45 78128179220242239213172128 92 73 76101142185219237233205160109 65 21022NG
 37 32 54 98151199232243230196153113 87 80 95129171208231234216177128 81 21023NG
 45 30 39 72121172213236236214176136105 90 95120157194220230220190147100 21024NG
 61 37 34 55 94142186218231222195159126106102117146179207221219199163121 21025NG
 81 52 39 47 74113156192215219205178148125114120139166191208212201175140 21026NG
103 72 53 50 63 90126161189205205190168146132129138156176192199196181157 21027NG
127 98 75 63 63 76100129157180193193182167152144144150161173181184179167 21028NG
148126104 86 75 74 82 99123148169183187183174165157152152154159164168168 21029NG
163152137119100 85 77 79 91112137161180191193188176163150140136138146156 21030NG
165170168156137113 90 74 69 79100130160187204209201182158134117110114130 21031NG
151172187190179154121 88 65 57 67 93130169202221223207177141108 87 81 93 211 1NG
121156188210215199165122 83 56 48 62 96141186221238231203159114 76 55 55 211 2NG
 79120167208234235212169120 76 49 45 67109160207239248229187133 81 43 27 211 3NG
 38 75128183228251248216167115 72 49 52 82131184228251247215162102 50 16 211 4NG
  9 31 80140198241260250212161110 72 56 69106158207242253236192133 73 25 211 5NG
  0  3 36 91154209247259242202152107 78 72 93134183223246244215165106 51 211 6NG
 11 -4 10 50107165214244249227188144108 89 93120160200229239226190139 84 211 7NG
 39 10  5 27 69121172212234232209175140114105117144178208224223203165119 211 8NG
 73 38 21 24 48 87132173204218213192165139124123137160185204211203180146 211 9NG
107 73 49 39 47 69102138170193202196181161144135137148165180191192182162 21110NG
135106 82 66 61 68 86111139164181189186176163151145144150158167173173166 21111NG
152134114 97 84 79 83 95114136157173182183178169158148142140143149155159 21112NG
158152142128113100 91 91 98113133154171184188184174158142129123124132143 21113NG
154160161155142125108 96 92 97112133156177192197190173150126109102106120 21114NG
139158171176169153131110 94 89 96114139166189204204190163132104 85 82 93 21115NG
117145171188191180158130105 89 86 98121152182204213205180144107 77 63 67 21116NG
 90124160189205203185155124 98 84 87105136170200218217197161118 78 52 45 21117NG
 61 96139180209219209182147114 90 82 93120156191216224211179134 87 51 32 21118NG
 37 66111159200225227208173135104 85 86106141179210226222196153103 58 28 21119NG
 20 39 79131181218235227199160123 96 86 97126164199223227210172123 74 35 21120NG
 15 20 51 99153200230236219184145112 92 93114149186214227219190145 95 50 21121NG
 20 11 29 69121173213233229205168132105 96107135170201220221202166118 71 21122NG
 34 15 18 45 90141186218229217188153123106106124154185208216208182142 97 21123NG
 57 29 19 32 64108154193216219202174143121112119140167191205205190161123 21124NG
 84 51 32 30 48 81121161192208207189164140125122131150171187194190174147 21125NG
114 81 56 42 44 62 92127161187199197182161143131130137150164175180176163 21126NG
141114 88 67 55 57 71 97128158181193192181164148136131132138148158165166 21127NG
160146125102 81 68 65 75 96125154178192194186170152135122116118127141155 21128NG
165167159142119 95 77 69 75 94122153180197202193174149123103 91 92105127 21129NG
151171182179163136107 82 70 73 93123158188208212199172137102 76 63 67 87 21130NG
119154184201200181149114 85 70 73 95130169201220220199162117 76 46 35 45 212 1NG
 76119164200220218194156117 85 71 77104143184215230222191144 92 47 18 12 212 2NG
 32 73125177216236229200158117 86 74 85117160200227235217176122 67 23 -2 212 3NG
 -1 28 77136190229244232199155114 87 81 98135177214234232205157 99 45  5 212 4NG
-13 -3 34 89149201235245227191148111 90 91115153193222234222187135 79 29 212 5NG
 -4-13  6 48104161208235237215179139109 96105132169203224226206167115 63 212 6NG
 21 -3 -2 23 68121171210229224200165131109104119147180206218212187147 99 212 7NG
 55 22  8 16 45 88136178207218208183152126112114131157183201205194167130 212 8NG
 89 54 31 26 39 69107147181201204192169144124117122138159178189189176151 212 9NG
119 87 61 46 47 62 89122155180193192179160140126121126138153167174173161 21210NG
140115 91 73 65 68 82105132158177185183172156140128122123130141152159159 21211NG
152137119101 88 82 85 97115138159174181180171156140125116112116126138148 21212NG
153151142129115103 96 96105121140160174182181172156136117102 96 99111128 21213NG
143154158153142128113104102109124143163179187185173152126101 83 77 83101 21214NG
124147164171167155137119107103111127149170187193188170141109 80 61 59 72 21215NG
 98129158179186180163140119105103113133158181197199187159123 86 56 41 45 21216NG
 67102141175196200188165138114101102118143171194206201179142100 60 33 24 21217NG
 38 71115159193212210190161130107 98105127157186206211197164120 74 36 14 21218NG
 15 39 82132178210222212185151120100 97112141174201215210186144 95 49 16 21219NG
  2 14 49 99152196222226207174139110 96101124157189212217203169122 72 29 21220NG
  2 -2 21 64118170209228222197161126102 96109138172201216213190150100 52 21221NG
 15 -4  3 34 83137185217227213182146115 99100120151183206214203174131 82 21222NG
 38  9 -1 15 52102153195218220200168134109 99107130160187204205190158115 21223NG
 70 33 11 10 32 71119165199215210187155126107102114136162183195193176145 21224NG
106 67 36 22 27 51 89132172199208199175146121106105115134155173183181165 21225NG
138104 72 48 38 45 69103141175196201190168141119105102109124142158169170 21226NG
160139111 85 65 57 63 84114147175193196185164139117100 93 95107124143158 21227NG
165162147126103 84 75 78 94120150175191194184163137111 90 77 75 85105129 21228NG
151166170162145123102 89 89101124152177193196186163133101 73 56 52 64 88 21229NG
119150173184181164140115 99 95105127155181197201189162125 86 53 33 30 46 21230NG
 77116154185200198180152125105 99110133161188204205188155112 68 32 12 12 21231NG
