2002/12/31 00:00            注）必ず前年の12月31日を最初に入れること
 77116154185200198180152125105 99110133161188204205188155112 68 32 12 12 21231NG
 34 72118164199216211189157126105 99111138169196211209186146 97 50 14 -4 3 1 1NG
  1 29 74127176211226218191155123103101117147179205216207178133 81 34  0 3 1 2NG
-13 -1 34 85141190222231215183146115 98101123157189212218203167118 66 21 3 1 3NG
 -8-14  6 48102157202227227205169132105 94105133168198216215193153102 52 3 1 4NG
 12 -8 -5 23 69124174210225216188151117 96 95112144177203213205178135 86 3 1 5NG
 42 11  0 13 48 95145187213217200168133105 93 99122153182201205191159117 3 1 6NG
 73 37 17 17 38 76121163195209203180148118 98 93105129158181194191173141 3 1 7NG
102 66 41 31 41 67104143176197201188162133109 96 97111133156174182175156 3 1 8NG
126 94 68 52 52 67 94127158182193189173148123105 96 99112130149163167160 3 1 9NG
143119 95 78 71 76 92116142166182186178161140119103 96 97106121137150155 3 110NG
150137120104 94 91 97111130151168178179170155136117101 92 90 96109125139 3 111NG
147147141130120112109112122137153166174174167153134114 95 82 77 82 96115 3 112NG
133146153152145136127120120126138152165173174167153131107 83 67 61 68 85 3 113NG
109134154165168161149135125121125136152166176178170152125 94 67 48 44 55 3 114NG
 79110142167182184173155136122116121136155172184185173148113 77 46 28 28 3 115NG
 46 79118156185199196179154130114110119138162183195192172139 97 56 25 10 3 116NG
 17 44 86133175203212201176146119104104120146175197205196167125 77 34  5 3 117NG
 -4 12 49100152194218219199166132105 94101125158189209212195158108 57 14 3 118NG
-11-11 15 62119172211227218189151115 92 87103134171201218214188144 90 38 3 119NG
 -1-18 -8 28 83141191223229210173132 99 81 85108145182209220209177127 73 3 120NG
 24 -8-15  5 50107163206227223195154114 85 75 86116154188211216199162112 3 121NG
 60 18 -4 -1 29 77132181214224210175134 97 75 73 90122157187205205185147 3 122NG
100 55 24 12 24 58105153193215214192155116 86 71 73 93122154179193191171 3 123NG
136 96 61 40 37 54 87129169197209200174138104 80 69 74 91117144166178176 3 124NG
159132102 77 64 66 83112146176195198185159127 99 78 68 71 84105128149162 3 125NG
164154136116100 91 93107129154176188187174151124 98 78 66 63 72 89110132 3 126NG
149158158150137124115114121136154170180179169150126100 77 59 51 55 70 93 3 127NG
118142160169169159145132124125134148164174178172156131101 72 49 36 37 52 3 128NG
 79111144171186188177158138124120127142160175183180164135 99 64 35 19 21 3 129NG
 40 73113154187204203186159133115110119138162183193190169135 92 51 19  4 3 130NG
  9 35 76125171205218209184150120101 99114141171194205197170128 80 36  5 3 131NG
 -6  6 41 91144190219224205171133103 88 93117151184207213198162114 63 21 3 2 1NG
 -5 -8 15 59114167208227220191150112 85 79 94126165197215214190147 96 46 3 2 2NG
 10 -7  2 36 87142189219225205168126 91 73 77102140179207217206174127 76 3 2 3NG
 33  6  3 25 67119169205221213183142102 75 67 82115155189210211191153105 3 2 4NG
 60 27 13 24 56102150190213214193157116 83 66 70 93129165193205197171131 3 2 5NG
 87 52 32 32 54 91134174201210199170132 97 73 66 78105138169189193179150 3 2 6NG
113 78 55 48 59 87123159187202199178147113 85 70 71 87113141165179177161 3 2 7NG
134104 80 68 71 89116146173190194182158129102 82 74 78 93114137156165162 3 2 8NG
147126106 92 89 97114137159176184181166143119 98 84 78 81 93110128144152 3 2 9NG
150141128117111112119131147161171174168154136118101 87 79 79 86 99116132 3 210NG
142146145140135131130132138147156163164160151137121103 87 74 69 73 86104 3 211NG
123140151157157153146139135135140148155161161156144126103 80 62 53 56 71 3 212NG
 94121146165175176167153138128126130141154165171167153128 97 67 44 33 39 3 213NG
 60 92128161185195190172150129115113122140161178186180159124 84 48 22 13 3 214NG
 25 55 98143182206210195168137112 98100118146174196203191159115 67 26  0 3 215NG
 -3 18 60113165204223218191154117 91 81 92121158192214216195154100 47  5 3 216NG
-16-10 24 77137189224233215177132 94 70 69 91130173209227223192142 83 29 3 217NG
 -9-21 -3 42103164211236232201154106 70 54 63 96142187220233221182126 67 3 218NG
 17-12-13 18 71133189227238220178127 81 51 44 64105153196224230210166110 3 219NG
 56 16 -1 11 50106163207231228198150100 60 40 44 71114159197218218193149 3 220NG
 99 55 27 23 45 88138184216225209171123 79 48 38 49 79119159189204200174 3 221NG
136 96 65 50 57 83122163195213209185146104 68 47 44 58 85118150174185179 3 222NG
159131104 85 81 92115146174194200189163129 95 69 54 53 64 85110136155165 3 223NG
163151136121112111120136156174184183171149123 98 77 64 60 65 78 97117136 3 224NG
149155155150143137134136143153163169168160146129109 89 73 62 59 65 79 99 3 225NG
121141158167170165155145138137141148156161161155142122 99 75 56 47 49 63 3 226NG
 86115145171186189179161142128122125136150163171170157132101 70 45 32 34 3 227NG
 52 83121160190204201181154128109104112131154175187185167134 95 58 30 18 3 228NG
 25 52 92139181209216202172136106 89 89107136167192203196168127 82 42 16 3 3 1NG
  9 26 64113163203223218191151112 83 72 82112150186209214197159111 64 26 3 3 2NG
  7 12 41 89142189220226207168124 85 63 63 87126169203221216187142 91 46 3 3 3NG
 16  9 28 69121172210227218185139 94 62 50 64100146188216224207169120 71 3 3 4NG
 34 16 24 56104155198222223198155108 68 46 49 76119165201220217190146 98 3 3 5NG
 57 32 29 51 92141184214222206170124 81 51 42 57 93138179207216202168124 3 3 6NG
 82 52 41 54 86129171202217210182140 96 62 44 47 72111152186205204182146 3 3 7NG
107 76 59 62 85120158189208208188154113 77 54 47 60 88125159184194186162 3 3 8NG
130100 81 77 90116147176195201190164130 96 69 56 58 74101131158176180168 3 3 9NG
147123104 96101117140163181190186169143114 89 71 65 69 84106129150163164 3 310NG
155140126117116124137152167176177169152131110 92 79 74 76 86102120137149 3 311NG
153151145139136136140146153160164163156145131116101 88 78 75 79 90106124 3 312NG
139151157159158154149145143144147151153153149141128110 91 74 64 63 73 91 3 313NG
114138159173178175165151138129127132142153162165158141116 87 62 46 43 56 3 314NG
 81113147176194197186165141120109109121141163180186176151115 76 43 24 24 3 315NG
 43 79123166199215210186153120 96 86 94117150182203208191154107 60 23  5 3 316NG
 11 42 90144191222229211174131 92 68 65 84122165203225224198150 94 43  7 3 317NG
 -6 11 55113171216239233200151101 62 43 51 84133183223241232195140 80 29 3 318NG
 -1 -3 27 80143198235245223177121 70 35 26 47 91147199235247229185126 68 3 319NG
 24  4 15 56114174220243237201146 89 42 17 20 52104160208238242217170113 3 320NG
 63 31 24 47 93149198231238217172115 62 25 11 25 64116167208230227199154 3 321NG
106 68 49 55 85130176212229222190142 89 46 20 18 38 77124167199214206179 3 322NG
142107 83 77 91121157191212215198162118 76 44 29 33 54 88125159183192184 3 323NG
164139117106107122146171191200194173142107 76 54 45 50 66 91119145163171 3 324NG
168158145135130133142156170179181173156133109 87 72 63 63 72 87107127145 3 325NG
157162163160154150147147151156161162158149137122106 90 76 69 69 77 93113 3 326NG
134153168176176170159147138135137143149154156151140123101 81 66 60 65 81 3 327NG
105133161182193190175155134119114119131147162171170157133104 76 56 49 56 3 328NG
 77109145178200206194169139112 96 95108130156178190186165133 97 65 44 40 3 329NG
 54 84124166199216211186150114 86 75 82107141174198206194164124 84 52 35 3 330NG
 38 63103149190217222203167124 86 63 60 81117159195215215192153108 68 41 3 331NG
 33 48 84131177212227217184138 93 59 45 57 91136181213226214181136 91 55 3 4 1NG
 37 42 70115163203226225199155106 63 39 38 64109159201226227204164117 75 3 4 2NG
 49 43 63101148191220228210172122 75 41 29 43 81132180215230219187143 99 3 4 3NG
 66 52 61 92136179211225217186139 91 50 28 31 58103153195221224204166124 3 4 4NG
 88 67 67 88125166200219218195156109 66 37 28 43 79125169203218211184147 3 4 5NG
111 86 78 90118154187209214200168127 85 52 35 39 62 99141177201207193165 3 4 6NG
133107 93 97116144174196205199177142105 72 50 44 55 81115149177192192176 3 4 7NG
151128112109119138162181193192179154124 94 70 57 57 70 93121148169179177 3 4 8NG
164147133126127137152167177181176161140116 94 78 69 69 79 96118140157167 3 4 9NG
167161153145142142147154160165166162152137121105 90 79 75 78 89107128146 3 410NG
160167169166161154148144143145149153155154147136120101 83 71 68 76 93116 3 411NG
141163178185183173157142129124126134147160167167156134107 80 60 53 60 81 3 412NG
112146176197204196175148123105 99106125150174190191175145106 70 45 37 48 3 413NG
 77118161197217218199165127 95 75 74 92125163196215213189148100 59 32 26 3 414NG
 45 84135183219234224190144 97 62 46 54 86132180218237229196145 92 48 24 3 415NG
 25 55104160208238242216169114 64 31 23 43 88145198237251235194138 84 44 3 416NG
 26 38 77132187229248237197140 81 34  8 11 43 98159212247254231185130 80 3 417NG
 47 40 62108162210241245220170109 53 12 -4 11 53111171219247247219173123 3 418NG
 82 60 64 94140188224240231195141 83 34  3 -1 22 68123177217237231203161 3 419NG
120 91 80 93126166203226228208168116 66 28  8 13 40 83131176207220211186 3 420NG
153124106105122150181205216209184145101 62 35 24 33 58 94133168192200193 3 421NG
174152133124128142163183196198187163132 99 70 52 46 53 73100130157175183 3 422NG
180170157146141143150162172179178168151130107 87 72 66 69 81100123145162 3 423NG
173177174167158151146146149155160161158150138122105 90 79 76 82 95115137 3 424NG
157173182183176164150137130130136144153159159153139121101 85 76 78 91111 3 425NG
136161182194193181160138119109110121137155169175169152128103 83 72 74 89 3 426NG
115145175197205198176146117 96 88 95115141167185191181158128 98 76 67 74 3 427NG
 95127162193211212193161123 91 72 71 88119154185203204187156121 89 69 66 3 428NG
 80110147184211221209178136 95 65 52 62 92133173204218210184147109 80 66 3 429NG
 71 95132172205223220195153106 66 42 41 64105153194221226209174134 98 74 3 430NG
 69 85118159196221226209171123 76 42 28 41 77126175213231226199160120 88 3 5 1NG
 74 80106145185215228218187141 92 50 26 25 51 96148195225234218184144108 3 5 2NG
 85 81 99133172205224223201160111 66 33 20 33 70119169209230228204167129 3 5 3NG
101 88 96123159193216222209176132 86 48 26 26 50 92140184215226215186151 3 5 4NG
120101 99117146179204216211188150107 68 40 29 40 70112156192213215198170 3 5 5NG
140117108116137165190205207193165129 91 60 42 40 57 88127163192205202183 3 5 6NG
159136122121133153174191198193175147115 84 62 51 54 72100133164186195190 3 5 7NG
174155140132134144159173183185178161138112 88 70 62 66 81104132159178186 3 5 8NG
184173160148142141146154163169171167156140119 99 82 72 71 82101127152172 3 5 9NG
184186180169157146139136139146154162165162152135113 92 76 70 77 94120148 3 510NG
173190196191178159140124116117127143160173178171153127 99 76 65 69 88118 3 511NG
151182202209201180151122100 89 93111137166189199193171137101 73 59 64 87 3 512NG
122162197218222205173133 96 70 60 71100139179209222213183142101 69 56 64 3 513NG
 93135180215233228200156107 65 39 35 56 97147194228240226190143 99 68 58 3 514NG
 72108155200232242226186132 78 36 13 18 49101158209243251231191142 99 71 3 515NG
 67 88129177218242241214164105 51 12 -3 11 52110170220250253228186139100 3 516NG
 79 82110153197230244232195141 82 32  0 -7 15 62121179224248246219178136 3 517NG
104 91102133174211234237216174119 65 22 -2  0 29 76132183222240233206169 3 518NG
134111106122153187215228223196154104 58 23  8 17 47 91140184215226217192 3 519NG
162135120122139165192210216205178139 97 59 34 26 38 66104145181204211202 3 520NG
182158139130134149168187198199187163131 98 69 51 47 59 82114147175193198 3 521NG
191176158144138140149162175183182173155131106 84 70 67 76 94120147170186 3 522NG
191187175161148139137140149159167170166154137118100 87 82 87102123147168 3 523NG
183190188178163146133125125133144156164167161148131113 98 91 94106126149 3 524NG
171187195192179160138119108107117134152167174172160142121104 95 97110131 3 525NG
156179196202195176149121 99 88 91107132157177187185170148124105 96100116 3 526NG
140167191206208193166132 99 77 70 80105137169192202195176148122103 96104 3 527NG
125153182205215208183147108 75 56 56 76111151186208214201175144117100 98 3 528NG
112139170199216218200166123 82 52 40 51 82125169204223221201170137111 99 3 529NG
104125157189213223213185143 97 58 34 32 54 95143188220231221194160128106 3 530NG
101114142176205223222201163117 72 39 24 33 66113163205230233215183148119 3 531NG
104108130162194217225213183140 93 52 27 22 43 83133181217234228203169136 3 6 1NG
113107120147180207222220199162117 73 39 23 29 58103152195223231217188155 3 6 2NG
127113115135164193213219208181141 98 60 34 27 42 77121166203223222204174 3 6 3NG
145124117126149176199211210194163124 85 54 36 37 58 94136176205218212191 3 6 4NG
164140125124137158180197204198179150114 80 55 44 50 73107145180203211203 3 6 5NG
183159139129130142159176189193187170143112 83 63 55 63 84116150181201206 3 6 6NG
197179158141131131138151165177183180167145118 93 74 66 72 92121153181199 3 6 7NG
204196179159140127122126136151166177179172155131106 86 76 79 96124155183 3 6 8NG
201207199181158134115105105116135157175186184171147120 97 84 84100127159 3 6 9NG
188207213204182152121 96 81 81 96122152180198201189164133106 89 88104132 3 610NG
166197216220207178140101 71 55 58 79113153189213219206178143112 94 92109 3 611NG
141177208226226206169123 79 46 31 38 67110158200228235219187149117 98 98 3 612NG
118152189219234228200155104 57 24 12 25 61112166211240245226191151119102 3 613NG
105129165202229238225190140 86 39  9  2 21 64119175220247248225188149119 3 614NG
106114141178212234237218177124 71 27  2  0 26 72129183226247244218181144 3 615NG
118111124154189219235231206163111 61 22  3  8 38 86141191227243234207171 3 616NG
138118117134164196220230221192150101 56 25 13 24 57103153197225233220192 3 617NG
160133120123143171198216220207178138 95 58 34 29 45 78121164199220221205 3 618NG
179151130122129148172193206207192165129 93 65 49 51 69100137173200213209 3 619NG
192168144129124131147167184194193179155126 98 77 68 73 91119150179198205 3 620NG
199182161141128123129141157172181181170151128107 92 87 93109133159182196 3 621NG
200192176157138124118120131146161172174168154136119107103108123143165184 3 622NG
195197189174153133116107108118135153167174172162147132120115119131150170 3 623NG
187197197189171148123103 92 93106127150169180182174159142129122125137155 3 624NG
175191200200188166137108 86 76 80 99126154178192194185168148132124127141 3 625NG
160181198206202184156122 90 68 61 71 96130164192206206193171148131124129 3 626NG
145168190206211201176141103 70 50 49 67101141179207220215195169144127122 3 627NG
132153179202215213195163122 82 51 37 43 70111156196222229217191161136121 3 628NG
122138164192213221212186146102 63 36 28 44 79126174212232232212182150127 3 629NG
117125147177204221223206172128 83 46 25 26 51 94144191224237228202169138 3 630NG
119116132159190215226220195155109 65 33 20 31 64112163206232237220189155 3 7 1NG
128114119141171201220225212181139 92 53 27 23 43 82131179216235231207174 3 7 2NG
142120113125150180206220219201167124 80 46 29 33 59102150193222232221194 3 7 3NG
160132115115130156184205215211190155114 75 47 38 49 79121165202224227210 3 7 4NG
180149124113116132156181199207201180147110 77 56 53 68 98138177207222219 3 7 5NG
199169140119110114129150172190198193175146114 88 72 71 87116151185209219 3 7 6NG
211190161134114104106118138160179190189176153127104 90 90104129160189209 3 7 7NG
215205184156128106 94 92102122146169185190183166144123109106117138166192 3 7 8NG
209213203181152122 96 79 74 84105133162185197197184163141124118125144169 3 7 9NG
193209213204181149114 83 62 55 65 89123159189208213202180154134124128146 3 710NG
171195212217207181145104 68 44 37 49 78118161198222228216190161137125128 3 711NG
146173200218223211181139 93 54 28 22 37 72118167209235240224194161134122 3 712NG
127148178207226229213178131 82 41 16 12 33 73125178221245245223189153127 3 713NG
117126152185215232232211171121 71 31  9 11 38 84139191231249242215177142 3 714NG
118113128159194222236231204161110 61 26 10 19 52102157205237247232199161 3 715NG
128110112134168202226235224193148 98 55 26 19 36 75125176216238238215180 3 716NG
143116106116142175206225228211178133 88 53 34 37 62103150192222234223195 3 717NG
160128108106121149180205218216196161121 84 59 51 63 92131171204223223206 3 718NG
176144118105109127153179199208201179148114 87 72 73 91120155187209218210 3 719NG
188160132113106112129152174190195187167140115 97 91 98117144171195208209 3 720NG
196174149126111106112126146165179183176161142124114112121137159180196203 3 721NG
199186166144124110104107119137155170176173163151139132131137149166182193 3 722NG
197192180162142122106 97 98109127147164175177173165155147143145154167180 3 723NG
190193190179161139116 97 86 86 98119143165181188187179167155147146153165 3 724NG
178189194192180160134106 84 72 74 89115145173193203201189173156145142149 3 725NG
163179193200197182156124 92 68 57 63 84117153186209217211193170150137136 3 726NG
147165186202209202181148110 75 51 43 55 84125167203224228214189161139128 3 727NG
131148172197214218205176135 93 56 34 33 53 92139185220237232210178147125 3 728NG
119129153184210226224203166119 74 39 22 29 59106159205236244229198162130 3 729NG
112113132163197223234226197152102 56 25 16 33 74127181223246244219181143 3 730NG
114102111138175209232237221185136 85 43 19 20 48 96151201236249236202161 3 731NG
124100 96114147185216234234212171121 73 38 24 35 71122175218243244221182 3 8 1NG
140107 91 95118154190218231226199157110 69 43 39 60100149195228242232201 3 8 2NG
161122 95 86 96122156189213222214187147107 75 59 63 89128171208231234215 3 8 3NG
181143109 89 85 98123153182202210201177145113 90 83 92117151186213226221 3 8 4NG
198165131103 87 84 96117144170189197192174151128113109118138165192211217 3 8 5NG
208185156126101 86 82 89106130155175187188179165149137132137151170190204 3 8 6NG
207198180155127103 84 75 78 91113139164182192192184171157148146153167183 3 8 7NG
196201197182160132104 80 65 63 74 97127158185203210203188169153145148160 3 8 8NG
176192202202191168136102 72 52 47 58 85121160195219227217196169147136137 3 8 9NG
151173194209213202175137 96 60 38 33 47 80124171211235239222193160135122 3 810NG
127147175203221225209176132 86 48 25 24 45 86137188227247243217180144118 3 811NG
109121149184215233233211171121 73 36 18 24 55103158207241251236201160123 3 812NG
102101122158197227241234204158107 61 29 20 36 76129182225248246219178136 3 813NG
104 90100131171209235242226190141 92 52 30 33 60106158205237246231195152 3 814NG
113 89 86107143184218236234211171123 80 51 42 57 93140186222240235208168 3 815NG
127 96 82 90118156193220230220192151109 76 60 64 89128170207229233216183 3 816NG
143108 87 83 99130165196215218203172136103 82 79 93122158192217227218194 3 817NG
159125 98 86 90109138168193206203185158129107 98104123150179203216215200 3 818NG
173142115 96 90 98116141165184193188172152133121120129147169189203208200 3 819NG
182158133113100 96102117137157173181178168155145140141149162176188196195 3 820NG
186171152133116104 99101112129147163172175172167162158157160166173181186 3 821NG
185179168154137120105 95 94102118137156171181185183178170164160160165172 3 822NG
178181180173160142120 99 85 81 89107131156179194201198188174160151150155 3 823NG
166177186189183167143114 87 69 65 76100131165194212217208189167148137138 3 824NG
148166185199203194171137101 69 51 49 67 99141181213230228209181152130121 3 825NG
128147174200216218202169126 83 49 33 38 65109159203234243230200163131110 3 826NG
107123153188218233229203160109 63 31 20 36 75128183226250248222182140107 3 827NG
 91 97125165205235246233198146 92 46 19 18 46 96154208245258242204157114 3 828NG
 85 77 95133179220247251230186130 76 36 18 29 68125183230256255226179129 3 829NG
 89 67 71 99144192230250248219171116 68 37 31 54100157208244256241201151 3 830NG
103 70 58 72108154199231246236204156107 69 50 56 87135185225247245218174 3 831NG
124 84 60 58 79116160198225233220188146108 82 75 89122164203230239226193 3 9 1NG
149106 75 60 65 87121158190211216203176145119104105122151183210225223204 3 9 2NG
171133 99 76 67 73 92120150176193198190173153138131134148168189205212205 3 9 3NG
186158129103 85 77 79 92111135158175184185179170161155155160171183193196 3 9 4NG
190177158136115 96 84 79 84 98118141162180190194190181171162159162169177 3 9 5NG
183185180168151128105 85 72 71 82102129159185204212207192173156146145153 3 9 6NG
166180190192185166138106 79 61 56 68 93128166200222228216192163140127128 3 9 7NG
141163186203209200175139100 67 47 44 61 94138183219238236213179144117107 3 9 8NG
114138169200221225210176132 88 54 36 39 65108158205237247232198156118 95 3 9 9NG
 91110144184217236234209167118 74 43 32 46 83133185227249245216173128 93 3 910NG
 77 85116159202233245233199150101 61 38 39 66111164211242250231191143100 3 911NG
 72 68 90131178219243245222181131 86 54 44 59 97146194231247239206160112 3 912NG
 76 60 70103150195229244235204159113 77 58 62 90133179218240240217176129 3 913NG
 87 62 59 81122168208233237219183140102 77 73 90125167204230237223189145 3 914NG
103 72 59 68 98139180212228223199163127100 88 96122157192218229223198161 3 915NG
121 87 67 66 83115152186209216205180149123108108124150180204218218202173 3 916NG
138106 83 73 78 98127157184199201188167145130125132149170191204208200180 3 917NG
153126102 88 84 91108131155175186186177163151144145152165178189195192182 3 918NG
164144124108 98 94 99110127146163174177174169164161162164169175179180178 3 919NG
170159145131118106 99 97104117134152167176182183180176170165162162165167 3 920NG
169169165156143127109 94 87 90103123146168186197199194182167154147146151 3 921NG
161171179180172154129103 81 71 73 90117149180204216214199176153135126130 3 922NG
144164184198200187160124 89 63 52 59 84121163200225232220193159129110106 3 923NG
118144176204220218196158112 71 44 36 52 88136186225245241215175133100 84 3 924NG
 89115154195227241231198149 97 54 29 29 56105161212246256238197147102 71 3 925NG
 62 80119169216247255236192136 82 41 24 35 75132190236260255222170115 71 3 926NG
 47 49 80131186232259260231181123 72 39 32 56105164217253262241195137 83 3 927NG
 45 31 47 89145200241262254219167113 70 48 54 88139193236257251217164106 3 928NG
 59 30 28 54101157206241253239203155109 78 69 85123171214242248229188134 3 929NG
 83 46 29 37 68114163204231237220187148115 96 98120155192222236230203161 3 930NG
114 73 46 39 52 82121161194214216202176149129121128148175200216219207179 310 1NG
142106 76 58 56 68 91121152178193197189174159148146151164180194201199186 310 2NG
164137111 90 77 73 79 93114138159176184186182175168163162165171177181180 310 3NG
173161145127109 94 84 82 88103123145166182193195191181169158152152157163 310 4NG
169172170162146126105 87 77 78 90112139167191207210201183161142131130139 310 5NG
154170183187181162136107 82 68 68 82109144179208223220201172141118107112 310 6NG
130155181200206196170135100 72 58 61 83119160199226234219188149114 91 87 310 7NG
102131167199219221202168126 88 61 52 64 96139184220239234206164120 86 69 310 8NG
 75103144186219234227199156112 76 55 55 79119167209237243222182133 90 61 310 9NG
 55 75115163207235242224186140 97 67 56 69104150195230244234199150101 62 31010NG
 44 53 86135185225244240211168123 86 66 68 94135181219240239213168117 72 31011NG
 43 39 62106158205236245229193149109 81 74 90125168207233239222184135 87 31012NG
 51 35 45 80128178218238236211173133101 86 92118156194222234225196152105 31013NG
 66 42 40 62102149192222232221192155122102100116147181209225223203167125 31014NG
 85 56 44 54 82122164198218219202173143121112120141170196213216204178142 31015NG
105 76 58 57 72101136170196207203185162141128129141161182198205200182156 31016NG
125 98 77 68 72 88113142168187194188174159147142146157170183190190181164 31017NG
143120101 87 82 85 97116138159175182180173165159156158163168173175173167 31018NG
155141126112100 92 91 97110129149166177182181177172165160156155156159161 31019NG
161159152140125109 95 87 88 99118141164182193196191179164149139134137146 31020NG
158168173170158137112 89 75 74 86110141171196210211198176150127113111121 31021NG
141165185196192173142107 78 60 60 78110150188216228221196160125 97 84 89 31022NG
112145181208220212183141 98 64 47 52 79122170211237240219180134 92 64 57 31023NG
 74111158202232241224185135 87 53 41 54 91143195234251242206154100 58 35 31024NG
 38 68118174222252254229181127 79 49 44 68115170219250255231182122 67 28 31025NG
 13 29 72131191238262257224173119 76 54 59 93144197238257247209151 90 38 31026NG
  7  4 31 83145203245262250213163114 80 68 84123173217246251228181122 64 31027NG
 21  0  8 43 97156207242252235198154115 92 91113152194227242234203154 99 31028NG
 50 17  7 22 60110161204230234217185150122109116140173203224227212178133 31029NG
 87 49 27 24 42 76118160193213215200176151134129138157181200210207189159 31030NG
123 88 60 46 46 61 88120153179195198189174159148145151162175186190185171 31031NG
150124 99 79 67 66 75 93117143165181188186179169159153151154160166170169 311 1NG
163151135117100 86 80 82 93112134157175188192188177163150140136138146155 311 2NG
162165162152135116 98 85 82 90107131156180196202195179157135119113118131 311 3NG
149165176178168149124101 84 79 87107135165192208210196170139111 94 91103 311 4NG
126153177193194180155125 97 80 76 89114148181208220212187151114 84 70 75 311 5NG
 97131167195210206185153118 91 76 78 98130168201222224205168124 85 58 52 311 6NG
 69103146186214223211181144109 84 75 86115153190219230218186140 94 56 38 311 7NG
 44 73118166206229229207171132 99 80 81102138178211230227202159109 64 34 311 8NG
 27 47 88140188223237227197157119 92 83 95125164200225231214177128 79 40 311 9NG
 21 28 60110162207234237217181142109 91 93115150188216229221192148 98 54 31110NG
 25 19 39 81133183219236228201164128103 96109138174205223223203166119 73 31111NG
 38 22 28 58104154196224229214183148120105108129160191212219208179139 95 31112NG
 58 33 28 45 80125169202220217196166138118113125149176198210206188156117 31113NG
 80 52 38 42 65100140176201210202181155134123126141162183196199189167137 31114NG
104 75 56 50 59 82113147176194198189171152138133138151166179186184172152 31115NG
127101 79 66 63 72 92119147171186189182169155145142144151160167171169161 31116NG
146128108 90 77 73 79 95117143165181186183174162152144140140144150156160 31117NG
158151138121102 87 78 79 91112138163182192191183168151135124119123132146 31118NG
159167166156137114 92 77 75 85108138167190203203189167140115 98 93100119 31119NG
143167183187177153122 93 73 69 81108144179205217212189155118 86 67 65 81 31120NG
112149183205210195164125 91 69 65 82115157195222229214180134 89 54 36 41 31121NG
 69112160201227229208169125 88 66 67 90130176214236234208161107 57 22 10 31122NG
 25 65119174219243241214170123 86 68 75105150196230243231193137 78 29 -2 31123NG
 -6 19 68129188232252245212166121 88 76 89125171213239243219172112 54  8 31124NG
-15-11 23 78141197237252239204159119 92 88108146189223240233201150 91 37 31125NG
 -2-17 -4 35 91150201235244227193152118100103127164200225232217181131 76 31126NG
 30  0 -7 12 52104157200226230212180147121110119143174202218217198162117 31127NG
 71 33 12 12 32 70115159194214214197170144126121131151175194203199180148 31128NG
110 73 45 31 34 54 85123159186200199185164145132129136150166179185180165 31129NG
140111 84 63 53 56 72 98128157179190189179163147135130132140151161167166 31130NG
157140119 98 82 73 74 86106131155174185186178164148133123120123133144154 312 1NG
159156147131114 98 88 87 95111133156174186188180164144124108101104116133 312 2NG
149160164158145127110 97 94100116137160180192193181160133107 88 81 87105 312 3NG
128152169176171156136116101 96104121145170189199196177148114 84 65 62 76 312 4NG
102133163183190183163139116101 98108130157182200205194166129 90 60 45 49 312 5NG
 72108146179199203189164136112 99100116142172196209206184148104 65 37 30 312 6NG
 44 78121164197214210189159129106 97105128158188208213199167123 78 41 20 312 7NG
 23 49 92140184213223210183149119101 99115143176202216210186145 97 53 22 312 8NG
 11 25 62111161202224224203171136110 99106129161192212216200166120 73 33 312 9NG
 10 11 36 80132180214227217190156124104101117146178204215209183143 96 52 31210NG
 20  8 20 54102153195220223205174140114102109132162191209211195163120 76 31211NG
 38 16 14 35 75123169203219213190158129110107120146174196206200178143101 31212NG
 62 32 19 27 54 95140179205212200175145122110114131156179194197186161126 31213NG
 88 55 34 29 43 73112152184203203188163138120114121138158175185184172148 31214NG
116 83 57 42 42 59 88124159185198195179156135121117123136151165173172161 31215NG
141114 87 66 54 57 72 99131162185195190175154134120114116125137151161164 31216NG
158143122 99 79 68 69 82106135164185194190175154132114103100106119136151 31217NG
162163154137115 94 80 78 88110138166187197193177152125101 84 77 83 99123 31218NG
148167175172156132108 90 84 92113142171193203198178147112 80 58 50 59 82 31219NG
115149177193192175148119 97 87 94116148179202211202176137 94 56 31 24 38 31220NG
 70112156191211210191159125100 89 97122156189212218204170122 73 31  6  3 31221NG
 23 64115166206227224200164127100 91101130167201222223202160106 53 10-13 31222NG
-11 16 65122177218237230202162125 99 92108140179211228223195147 90 36 -5 31223NG
-24-16 19 72133187226240228196155119 97 96116152189218229218184133 76 24 31224NG
-12-25-10 30 85145196229236219184145112 96101126162196219224208170119 65 31225NG
 19-11-16  5 48103157201226226204169133106 97108135168198214214193155107 31226NG
 58 20  0  2 28 71121168202218211187153123103100114140169192203199176140 31227NG
 97 57 29 18 27 55 94137175200207195170141116103104118141164182188181160 31228NG
128 93 63 45 41 54 81116150178194194180157132113103105117135153167172165 31229NG
148123 96 76 65 66 80104132159179187184169149128111102102110124140152158 31230NG
154142124106 92 86 89101121143164178183178164145125107 95 91 97109125140 31231NG
147149143133120109104105114129147163175178174161142120 99 83 76 80 94113 4 1 1NG 044149125717899999999999999 61910320 7 7699999999999999
