2003/12/31 00:00            注）必ず前年の12月31日を最初に入れること
154142124106 92 86 89101121143164178183178164145125107 95 91 97109125140 31231NG
147149143133120109104105114129147163175178174161142120 99 83 76 80 94113 4 1 1NG 044149125717899999999999999 61910320 7 7699999999999999
132146153153145135124117116122134150165176179174159136110 84 66 59 66 84 4 1 2NG 225154135517999999999999999 73811521 1 5999999999999999
108133153165167159147133122118123135151167178182174156128 96 67 48 44 55 4 1 3NG 341167145018299999999999999 8561182147 4399999999999999
 80111142166180181170153134121116122136155173185186174149115 78 48 31 32 4 1 4NG 433182153718799999999999999 9571162228 2999999999999999
 50 82121157183195191174151129115112121140162182192189170137 97 58 29 17 4 1 5NG 514195161719399999999999999104411123 7 1799999999999999
 25 52 92137175199205194170143119107109124148174193199188161121 77 38 13 4 1 6NG 55020616531999999999999999911231062344  799999999999999
  8 25 62109156192211209190160130108100109132161187203202183147102 56 20 4 1 7NG 6242131727204999999999999991157100999999999999999999999
  1  6 33 78130176207217206178144115 98 98115144176199208199171129 81 37 4 1 8NG 65721718 120899999999999999 020  01229 9699999999999999
  6 -3 12 49100152193216216195161127101 92101126158188207208191155109 61 4 1 9NG 730219183521099999999999999 054 -313 1 9299999999999999
 22  0  1 27 72124173206219208179143111 92 90108138170196208202177137 89 4 110NG 8 2219191120899999999999999 127 -31334 8999999999999999
 45 14  2 14 49 97148189213215195161125 98 87 93116147177197202190161119 4 111NG 834217195020299999999999999 2 0  214 8 8699999999999999
 75 37 15 13 35 74122167200213205178143111 90 85 98122151176191192177146 4 112NG 9 8213203419499999999999999 234 111446 8599999999999999
107 68 39 26 33 60100143180203208192162128100 85 85 99123148169181180165 4 113NG 942208212618399999999999999 3 9 261530 8399999999999999
136102 71 50 45 57 84121158187201198178148117 93 82 83 95116138158169169 4 114NG1018202223117199999999999999 349 441624 8199999999999999
157134107 84 69 68 81105136166188196188166138110 89 77 76 85102123143157 4 115NG11 0196235616299999999999999 436 671736 7599999999999999
162156141122104 92 90100119144168184189180160134107 84 69 63 68 83105128 4 116NG1150189999999999999999999999 539 9019 1 6399999999999999
148160163156142126114108112126146166180185178160134105 78 57 46 48 63 87 4 117NG 145163125318599999999999999 7 51082021 4599999999999999
116144165176176164147130119117126143163178186181165137103 69 42 26 26 42 4 118NG 32617814 918699999999999999 8391162130 2499999999999999
 72109146176194196183161137120114121139161181192190172140 99 58 25  6  6 4 119NG 437197152119399999999999999 9581142231  499999999999999
 26 62108154191212213194165136114106115136164189202200178140 92 45  9-11 4 120NG 53121516222049999999999999910591062324-1399999999999999
 -9 17 62116167207227221196160126103 97110138172200213208181136 82 32 -5 4 121NG 6172281714214999999999999991149 96999999999999999999999
-23-15 19 71130184221234220187146111 90 89110145182210221210177126 70 20 4 122NG 65823418 222199999999999999 012-231231 8799999999999999
-14-25 -9 33 91150200230233209169127 94 79 87115155192216222205166112 57 4 123NG 736235184622399999999999999 055-261310 7999999999999999
 12-15-16 10 59116171212231222190147107 80 74 90124164198216215192149 96 4 124NG 810231192721899999999999999 133-191347 7399999999999999
 47 11 -5  5 40 90144189218223203166124 90 71 74 98133170197209201172130 4 125NG 84222420 720999999999999999 2 7 -51422 7099999999999999
 83 43 19 16 37 75123167200215207179141104 78 70 80106139169190195181152 4 126NG 910215204719599999999999999 237 151458 7099999999999999
113 75 48 37 46 72110149182202204187156121 92 74 73 86111139163177177161 4 127NG 935206212917999999999999999 3 4 371536 7199999999999999
134104 77 63 63 78105137167188196188167138109 87 75 77 90111134152162160 4 128NG10 0196221916399999999999999 330 611622 7599999999999999
146125104 89 84 90107129153173184184172151126104 87 78 79 89105124139148 4 129NG1028186232514899999999999999 357 841723 7799999999999999
147139126115107107114126142158170175171159142123104 88 78 76 82 95112127 4 130NG11 3175999999999999999999999 4341061847 7699999999999999
138142141137131127126129136145155162165162154141124106 88 74 68 71 83100 4 131NG 11614212 016599999999999999 5481262010 6799999999999999
119135146152153149143137134135140147155160161156145127105 82 64 54 57 71 4 2 1NG 335153134216199999999999999 8161342117 5499999999999999
 93118141159169169162150138130127132141152162167164150128 99 70 48 39 44 4 2 2NG 43517015 816799999999999999 95012722 9 3999999999999999
 63 92125155176185182167148130119117125140157172178172153122 86 53 31 24 4 2 3NG 51218616 31789999999999999910411172254 2399999999999999
 34 62100140174194198186163137116106109124146170186190178149110 68 33 13 4 2 4NG 54419916451909999999999999911181052333 1099999999999999
 12 32 70117161194209203181150120100 94105130160186201198177139 92 47 14 4 2 5NG 6132091723202999999999999991150 94999999999999999999999
 -1  8 40 88140185212217199167130100 84 87109142177202212201169122 71 27 4 2 6NG 642218175921299999999999999 0 8 -11221 8399999999999999
 -2 -7 15 59114167206224216186145107 81 73 87119158193214216195154102 50 4 2 7NG 711224183521899999999999999 042 -81252 7399999999999999
 11 -8 -1 34 87144192221226204165121 85 66 68 93132173204219212183135 82 4 2 8NG 740227191321999999999999999 114 -91323 6499999999999999
 34  4 -3 19 63119172211227217184139 96 66 57 70103144183208216201166116 4 2 9NG 8 8228195221699999999999999 145 -41355 5799999999999999
 67 28 10 16 48 97150194220222200159113 75 55 55 76112152185205206186148 4 210NG 836224203420899999999999999 215  91429 5299999999999999
103 61 34 28 45 82129173205218208176133 92 62 50 58 83118153180194191170 4 211NG 9 4218212019599999999999999 247 2715 6 5099999999999999
135 98 68 52 56 78114153187206207187153113 79 57 52 62 86116145168179175 4 212NG 932209221517999999999999999 319 511549 5199999999999999
157130104 85 79 87108137166189198191168136102 75 59 55 64 83107131151162 4 213NG10 4198232916399999999999999 357 791646 5599999999999999
162152136120110107113129148168182185175155129102 79 64 57 60 72 91112133 4 214NG1045185999999999999999999999 4481071811 5799999999999999
148156156151143135130130137148160170172166153133111 88 68 54 50 55 70 92 4 215NG 135157114917299999999999999 6271291958 5099999999999999
117140159170172166155143135133138148158166168161146123 95 68 46 34 35 50 4 216NG 345173134316899999999999999 8461332125 3399999999999999
 76108142171190194184165144127119123136153169178177162135 99 62 33 16 16 4 217NG 44619415241799999999999999910111192231 1399999999999999
 34 68111154190210210191162132110101108129156180195195176140 95 51 17 -1 4 218NG 52921216291979999999999999911 31012322 -399999999999999
  2 28 72124174210225215186147112 89 84100131167196212208181137 85 37  2 4 219NG 6 62251719213999999999999991144 84999999999999999999999
-12  0 36 89147196227231208168124 88 69 73100141182212224212176125 70 23 4 220NG 63923318 222499999999999999 0 4-121220 6899999999999999
 -6-11 12 59117173216235225190142 97 66 56 72109155197223227206162107 55 4 221NG 7 9235184122899999999999999 041-131253 5699999999999999
 14 -5  4 39 92149198228231206162113 72 49 52 80124170207225219189141 89 4 222NG 737233191722699999999999999 113 -51325 4799999999999999
 43 15 10 32 76129179214228215179131 85 53 43 58 94140181209218203167120 4 223NG 8 1228195221899999999999999 141  91355 4399999999999999
 74 41 27 38 70116162199219216190148102 65 45 47 71110151185204203181144 4 224NG 823221202720699999999999999 2 5 271425 4399999999999999
102 68 50 51 72108149185207211195161120 81 55 46 58 86122156182191183159 4 225NG 84221221 319199999999999999 227 471455 4699999999999999
126 95 74 69 81107140171193202193169135100 71 55 56 71 97127154171175164 4 226NG 9 1202214317599999999999999 248 681529 5399999999999999
142117 98 89 94110134159179190187172147118 91 72 64 67 81102125145157158 4 227NG 920190223415999999999999999 310 891612 6399999999999999
149134120111111119133150165175177169153133111 93 80 74 75 84 99117133143 4 228NG 943177235514699999999999999 3341101717 7399999999999999
146143137132130132137144152159163161154143130115102 89 80 76 80 90104119 4 229NG1014163999999999999999999999 4 513019 3 7699999999999999
132141147149150148146144144145147149150148144137126111 94 79 69 68 76 91 4 3 1NG 338150115215099999999999999 7511442039 6799999999999999
110130147160167166160150140134131134140147153155150137116 92 69 55 52 62 4 3 2NG 428167144915599999999999999 9581312144 5299999999999999
 82109138162179184177162143127117116124139155168172164143113 80 53 37 36 4 3 3NG 45518415521729999999999999910361162232 3499999999999999
 52 82119155183198195178152127107 99105123148172187189173141101 62 32 19 4 3 4NG 52119916351909999999999999911 5 992312 1899999999999999
 25 52 93139179205212197167133103 85 84101131165193207201174132 84 41 13 4 3 5NG 5472121713207999999999999991134 832347  699999999999999
  7 25 65116167205223216187146107 77 66 76106147186213221205167115 63 22 4 3 6NG 61322317512219999999999999912 3 66999999999999999999999
  1  6 38 90147195226230208166118 78 53 52 76118166206228227200152 96 46 4 3 7NG 640232182823199999999999999 020  01233 5099999999999999
 11  1 20 65123178219236225187136 87 51 36 48 84134183219235224188135 79 4 3 8NG 7 723619 723599999999999999 052  013 4 3699999999999999
 35 11 15 47100157204232233206158104 59 31 29 53 98149194224231212170118 4 3 9NG 733236194723299999999999999 123  91336 2799999999999999
 69 36 25 42 83136185220232218179126 75 38 23 32 65111159197219219194153 4 310NG 759232202922299999999999999 154 2514 8 2299999999999999
107 70 49 52 77119165202222219193149 99 56 30 25 42 77120161191206200176 4 311NG 824224211420699999999999999 224 471443 2499999999999999
140106 81 73 84112148182205212198166124 82 50 33 35 55 86121153177187181 4 312NG 85021222 718799999999999999 255 731523 3299999999999999
161137115102102115138164185196194175145110 78 56 45 48 63 86113138157167 4 313NG 919197232216799999999999999 3301011616 4599999999999999
166156144133127129137150165176180174159136111 88 70 60 58 65 79 98119138 4 314NG 956180999999999999999999999 4181271744 5899999999999999
152160162159155149145145148153159162160153141125106 87 71 61 58 64 79100 4 315NG 156162111016299999999999999 6411441948 5899999999999999
124146165176179173162148138133134141149157160157145125100 75 55 45 47 62 4 316NG 34817914 216099999999999999 9151322120 4499999999999999
 88120153180196197183161138119111114127146165177178165138104 70 43 30 32 4 317NG 43319815351799999999999999910131102221 2899999999999999
 53 88129170200214206181148116 94 88 99123154181198198178142 99 59 30 17 4 318NG 5 72141630200999999999999991052 8823 6 1799999999999999
 26 56101150193220223202165124 89 69 70 93130170201216210181136 88 46 19 4 319NG 5382251713217999999999999991126 672344 1299999999999999
 13 33 74126176215232221186139 94 61 49 63 99145189219227211172122 73 35 4 320NG 6 72321752228999999999999991158 49999999999999999999999
 16 22 54103157202230231204159107 64 39 40 68114165206229228201156104 60 4 321NG 633234182823299999999999999 016 151228 3699999999999999
 31 24 45 87139187221233217177125 76 40 28 43 83135183218231219183135 88 4 322NG 65623319 223199999999999999 044 231257 2899999999999999
 53 37 45 78124172209228222191144 92 50 26 28 57104154196221223201161116 4 323NG 717229193522599999999999999 110 361325 2499999999999999
 77 55 54 76115159196219221200160111 66 34 25 41 77124169202216207179140 4 324NG 73622320 821699999999999999 133 511353 2599999999999999
102 76 68 80110148183207215202171128 85 50 32 35 59 98140176199203188158 4 325NG 753215204220499999999999999 155 681421 3099999999999999
125 98 85 89109139170194205200178143104 70 47 41 52 79113148175189186168 4 326NG 811205212019099999999999999 217 841452 4099999999999999
143119104102113135159180192192178153122 92 68 55 56 69 93120147166174169 4 327NG 83019322 517499999999999999 2401011528 5499999999999999
154137124118122134151166177180173158136112 92 76 69 71 81 98119138153159 4 328NG 850180231015999999999999999 3 51181619 6999999999999999
156149141136136140147155162165163156144130115101 90 82 80 84 95110126140 4 329NG 914165999999999999999999999 3371351751 8099999999999999
149153154153152150149148148149149149147143136127115101 88 79 78 84 97115 4 330NG 153154102114999999999999999 7331481944 7799999999999999
133149161168169165156146138132132136142148152151143127106 85 70 64 70 86 4 331NG 342170141915399999999999999 93813221 1 6499999999999999
110136160178186182169151132119113116129145161171171158133103 74 55 49 58 4 4 1NG 41318615281729999999999999910 71132154 4999999999999999
 82115150180198201187162134109 94 93107131159182194189166131 92 58 38 36 4 4 2NG 4392021614194999999999999991035 922236 3599999999999999
 54 89132174204216208180143107 81 70 79105143179206215201168122 77 42 25 4 4 3NG 5 521616552159999999999999911 4 702314 2599999999999999
 32 62108158200225226202161115 76 52 50 72113161202227229206161109 62 30 4 4 4NG 5322291735232999999999999991135 482350 2199999999999999
 22 40 82136188224237223184132 81 44 28 39 76128181222242235201150 96 52 4 4 5NG 55923718162439999999999999912 7 28999999999999999999999
 28 30 61112168213239237207155 98 49 19 14 39 87145197234247231190137 86 4 4 6NG 627242185724799999999999999 025 251240 1299999999999999
 50 37 52 93146196230241223180123 67 24  4 12 48102159207237241219175126 4 4 7NG 654241194024399999999999999 059 371314  499999999999999
 84 58 58 83127175213234230200150 93 44 11  3 22 63116167208230227201161 4 4 8NG 721235202423299999999999999 132 551349  399999999999999
120 89 77 86115155193218225209172122 73 34 13 14 38 78124167199214208184 4 4 9NG 749225211221499999999999999 2 5 761426 1099999999999999
152123104101115142173198211207185148105 66 38 25 32 54 88125159184194189 4 410NG 81721222 919499999999999999 2401001510 2599999999999999
172151133123125138157176190194186164134101 73 53 45 50 66 90118145165176 4 411NG 850194233117799999999999999 32112216 7 4599999999999999
176169158148142142148157167174174167153133111 90 73 63 62 70 85106129150 4 412NG 938175999999999999999999999 4291411740 6299999999999999
165173175171163155148144144148153157158154144129111 92 76 67 66 76 94117 4 413NG 145175113715899999999999999 7251431933 6599999999999999
142164181188184173156139127123126136148159165162150129104 81 64 59 67 86 4 414NG 311188141316599999999999999 9 21232055 5999999999999999
114146175195202193172145120103 99108127150171183182167139107 77 57 51 62 4 415NG 355202152718599999999999999 949 992152 5199999999999999
 87123160193211211191159123 94 77 79 97128161188202198175140102 70 51 49 4 416NG 4292141617203999999999999991026 752236 4799999999999999
 66100142182212223210178136 95 66 55 67 98139179207217206174133 93 62 48 4 417NG 4582231658218999999999999991059 552313 4799999999999999
 54 81123167205226224197154106 65 42 42 67109157198223225204165121 83 58 4 418NG 5252281736227999999999999991130 382344 5299999999999999
 52 70106151193222230212173123 74 39 26 40 78129178215232224193151108 75 4 419NG 55023018112329999999999999912 0 26999999999999999999999
 60 66 95137180213229221190142 90 47 22 22 50 97151197226232214177134 97 4 420NG 612230184523399999999999999 013 591229 1999999999999999
 73 70 89125166202223224202160109 62 28 16 31 69121171210229224197159120 4 421NG 633227191823099999999999999 039 691257 1699999999999999
 91 79 88116154190214222208175129 82 42 21 22 49 92142186215223209178142 4 422NG 653222195222399999999999999 1 5 791326 1899999999999999
111 92 93111143176202215209185147103 63 34 25 38 71114158193211210191161 4 423NG 713215202621399999999999999 130 901355 2599999999999999
130109102111135164189204205190161123 85 55 38 39 58 91130165191201194173 4 424NG 73420621 420199999999999999 1551011427 3699999999999999
148126114116131153175190196188169140108 79 58 50 57 77105137165183188179 4 425NG 757196214818899999999999999 22211415 3 5099999999999999
162143130126132146161175182181171152127103 82 69 65 72 88112137159173176 4 426NG 824183224617699999999999999 2541261552 6599999999999999
169158147140139143151160166169166157143126108 93 81 77 80 92110131151164 4 427NG 9 1169999999999999999999999 34113917 5 7799999999999999
170169163157151147146146149152155155152145134121105 91 82 80 88104124145 4 428NG 017170104115599999999999999 6 61461840 8099999999999999
162173177174167156145136131131136144152158157150135115 95 80 74 80 97121 4 429NG 2 5177132915899999999999999 83113120 0 7499999999999999
147169185190186172152132117109112124141160173177168148120 93 72 65 72 94 4 430NG 3 2190145017799999999999999 91610921 1 6599999999999999
124157185202204191167136109 90 85 95118147175194198185156119 86 63 57 69 4 5 1NG 340205154419999999999999999 952 852151 5799999999999999
 98137176205219213187150111 79 61 62 84120161196217218196158115 78 56 54 4 5 2NG 4122191631220999999999999991026 592236 5299999999999999
 74112158198225230211172124 79 47 34 46 81129178217236231201156109 72 54 4 5 3NG 44323117172389999999999999911 2 342317 5399999999999999
 59 89134182220238231198148 93 47 19 15 39 86143196234249236199150104 71 4 5 4NG 51423918 2249999999999999991138 132358 6099999999999999
 60 74111160205235241221177119 63 20  0  6 42 97157209243252232192144102 4 5 5NG 5462421848252999999999999991216 -1999999999999999999999
 76 73 96138184221240234203151 92 39  4 -8  9 52109168215243246222182138 4 5 6NG 617241193524899999999999999 037 711255 -899999999999999
104 87 93121162201228235219180127 72 27  0 -2 21 66120173213235232208172 4 5 7NG 650235202423799999999999999 115 861336 -599999999999999
136111103115143178207224222199159110 63 26  8 12 38 80127171205221216194 4 5 8NG 724225211622199999999999999 1541031419  799999999999999
165138122120134158184203211204180144102 65 37 26 32 55 90129165192205201 4 5 9NG 8 2211221520599999999999999 23611915 9 2599999999999999
185164145134134144161178190194186166137105 76 55 46 51 68 95127157180192 4 510NG 849194232819399999999999999 3291321610 4699999999999999
191181167153143140144153164173176172160140117 94 75 65 65 76 97123150172 4 511NG10 1176999999999999999999999 4551401730 6499999999999999
185189184173158145136133136145155163167163151133112 92 79 74 80 97121147 4 512NG 054189115916799999999999999 6591331856 7499999999999999
170187194190177158138122114116126142158169172165149126104 86 78 82 99123 4 513NG 2 8194134917399999999999999 81911320 9 7899999999999999
151177196202195176149121100 91 96113137161179186180161135108 89 80 85104 4 514NG 25920215 218699999999999999 9 9 9121 8 8099999999999999
132162190207209194165130 98 76 70 82108141172194200191167136108 88 82 91 4 515NG 338210155520099999999999999 950 702155 8299999999999999
115146179205216210184146106 72 54 55 77113153187209211195166133105 88 86 4 516NG 4102171639213999999999999991026 522235 8599999999999999
102131165197217220202166121 79 48 37 49 82126170204221217194160126100 89 4 517NG 4382211718222999999999999991059 372311 8899999999999999
 95118151186212223214185141 93 53 30 29 53 96145189219228216186151118 97 4 518NG 5 52231755228999999999999991131 272343 9399999999999999
 93108137173203221221200161113 67 34 20 32 67115166206228229208174139111 4 519NG 53022418302319999999999999912 3 20999999999999999999999
 98103126159192215222210179135 87 47 22 21 44 86137184217231222195160128 4 520NG 55422219 523199999999999999 014 971234 1899999999999999
107103117146178205219215193155110 67 34 21 30 62108156197222226209179146 4 521NG 619220194022799999999999999 04310213 6 2199999999999999
120108113134164192210214202173133 90 54 31 28 47 83128171204219215193164 4 522NG 645215201622099999999999999 1121081339 2799999999999999
136118115127151177198208204184152114 78 50 36 42 66102143179204211201179 4 523NG 713208205421299999999999999 1421141413 3699999999999999
153131121125141163183197199189167136103 73 53 47 58 83117152182200201189 4 524NG 743200213620399999999999999 2141211451 4799999999999999
168147132128135150167181189187175154127 99 76 61 60 72 96126157181194193 4 525NG 821189222619599999999999999 2521281537 5999999999999999
181164147137135140151163172178176165148126103 83 72 71 82103130158179190 4 526NG 915178232619199999999999999 3451341634 7099999999999999
189179165151140136137143151160167168163150132112 93 81 79 87107132158179 4 527NG1044169999999999999999999999 5161361744 7899999999999999
191191183169152138128124127136148160168169161145124103 87 82 89108134162 4 528NG 034192123617099999999999999 7 51241857 8299999999999999
184197198189170148127111103107120139160176183177160136110 91 83 89109138 4 529NG 13719914 518399999999999999 81310320 3 8399999999999999
169194207207192166135106 86 78 85106136166190201196176146115 92 83 91114 4 530NG 228209151220199999999999999 9 2 7821 3 8399999999999999
147181207219213190154114 80 58 53 67 98138178207220213188152118 93 85 95 4 531NG 31221916 922199999999999999 946 522157 8599999999999999
123160196221228215181136 89 52 31 31 54 96145191224237226196156119 95 89 4 6 1NG 35222817 2237999999999999991029 282248 8899999999999999
104136176212232233210167114 64 26  9 16 49 99155204238248232198156120 97 4 6 2NG 4312351753248999999999999991113  82335 9399999999999999
 95116152192224239231199149 93 43  8 -4 11 50106164214245251232195154120 4 6 3NG 5102391844252999999999999991158 -4999999999999999999999
102105130168206232239224186132 76 29 -1 -7 14 58115172219245247225188150 4 6 4NG 550239193425099999999999999 0211001244 -899999999999999
120108117144181213233233212171119 66 24  0 -1 25 70125177218240238214180 4 6 5NG 632236202424299999999999999 1 51081331 -499999999999999
146122116128156188214227223199159110 63 27  9 14 41 84133180215231225202 4 6 6NG 716228211423199999999999999 1501151419  899999999999999
171143125123137161187207216209186149107 67 38 26 33 59 98141180209220212 4 6 7NG 8 521622 522099999999999999 23812215 8 2699999999999999
191165142128128139159180195202195176145109 77 55 46 54 78111147180202210 4 6 8NG 9 2202225821099999999999999 33212616 1 4699999999999999
202183161141129127135150167181188184169145117 91 74 67 74 94122153180198 4 6 9NG1012188235320399999999999999 4411261659 6799999999999999
203196179158139125120124136151166176177168150128107 92 86 91108132158181 4 610NG1136178999999999999999999999 6 512018 1 8699999999999999
196200193177155133116107109120138156170176172159140121106100104119140164 4 611NG 05120113 617699999999999999 72110619 710099999999999999
185198201192173148122101 90 92106128152171182181170152132117110113127148 4 612NG 145201142718399999999999999 821 89201111099999999999999
171191203203191167136106 83 73 78 98126155179192192180160139122115119134 4 613NG 233204153019499999999999999 9 9 7221 811599999999999999
156180198208204185155119 86 64 57 69 96130165191204202187163140123117124 4 614NG 314208162220599999999999999 951 57215911799999999999999
142166190206211201175138 99 66 47 47 67101142179206216209188162137122119 4 615NG 35121217 5216999999999999991030 45224311899999999999999
129151177200213212193160119 78 48 35 43 72113158196219223210184155131119 4 616NG 42521517442249999999999999911 7 35232211899999999999999
121137163190210217207181142 98 59 34 29 47 84130176211228225205175145124 4 617NG 4572171821229999999999999991143 29235711799999999999999
117126148177202217216198165122 78 44 26 31 58100149193222231220194162134 4 618NG 5282191856231999999999999991219 25999999999999999999999
118118135161190211219211185146102 62 34 25 39 74120168206228228210180148 4 619NG 6 0219193123099999999999999 0301161254 2599999999999999
125116124146175200216216200169128 86 51 31 31 54 93140184215228220196164 4 620NG 63221820 622899999999999999 1 21161329 2899999999999999
137120119133158185206215208187152112 73 45 34 44 72114158196219223208181 4 621NG 7 6215204122499999999999999 13411714 3 3499999999999999
151129119124143168191206209197172137 99 67 47 44 60 92133173203218215195 4 622NG 743209211821999999999999999 2 81191440 4299999999999999
168142125121130149171190200199186160127 93 67 54 57 77110148183207215206 4 623NG 826202215821599999999999999 2471201518 5399999999999999
185158136123122132149168184192190176152123 94 73 65 73 94126160190208211 4 624NG 920193224021299999999999999 33512116 2 6599999999999999
199177152132121120128142160175184184173152126102 85 79 87108138169194208 4 625NG1029185232721099999999999999 4361191655 7999999999999999
208194172147127114111116130147165178182176159137115 99 93100119146175198 4 626NG1153182999999999999999999999 5521101758 9399999999999999
209206191168142118102 95 99113135158177187185173153130113105109127152179 4 627NG 019210132318899999999999999 7 8 9519 910599999999999999
201211208191165134105 84 74 78 96123153180196200190170145124113116132157 4 628NG 115212144620199999999999999 812 74202011399999999999999
184206215211191160123 88 62 51 57 80114152186210217208185157133119119135 4 629NG 211216155721799999999999999 910 51212711799999999999999
161190212222215191153110 70 41 30 39 67109155196224233222196164136120121 4 630NG 3 622216572339999999999999910 4 30222911899999999999999
138166197220229219189145 96 53 23 13 25 59108160206237245231201165135119 4 7 1NG 3582291752245999999999999991058 13232411899999999999999
121141173206229235221186137 84 39  9  1 18 58112169216246251233198161131 4 7 2NG 4492351843252999999999999991150  1999999999999999999999
116122146181214235238220181128 74 30  2 -2 20 65122179225250250227190152 4 7 3NG 539239193025499999999999999 0141161240 -499999999999999
124113124152188220238237215173120 67 26  2  4 31 79136190230249243215177 4 7 4NG 629240201525099999999999999 1 11131327  099999999999999
141117112127158193221235231206164112 64 28 11 19 51 99152199232243230199 4 7 5NG 718236205624399999999999999 1451111412 1199999999999999
162130112112131161193217227220194153107 66 38 29 43 77122168207230232213 4 7 6NG 8 8228213523499999999999999 2291101453 2999999999999999
182148122109113133161188208215206181144106 73 54 53 71104143181210224218 4 7 7NG 859215221322499999999999999 3151091533 5199999999999999
197167138116108114131155179195201192170140110 87 76 81100129161190210215 4 7 8NG 954201225021599999999999999 4 51081613 7699999999999999
205183156131113106111126146167182187181163141120105100106124148173194206 4 7 9NG1056187232920899999999999999 5 5106165610099999999999999
206194173149126109101104117135155171178175164149134123121127140159179194 4 710NG1212178999999999999999999999 614101175012199999999999999
201199187167144121103 93 94106125147165175177172161149140136139149164180 4 711NG 015201134517899999999999999 724 9219 413699999999999999
192197195183164140114 94 82 83 96118143165180186184174161150143144152165 4 712NG 111198151218699999999999999 826 81202614299999999999999
179191197195182161133104 81 69 72 89115145172191199196184168153143142150 4 713NG 214197161419999999999999999 919 69213614299999999999999
164180194200197181155123 91 67 57 64 86118153184205212205188167149138138 4 714NG 31120017 02129999999999999910 6 57222913799999999999999
149166185200206199178146109 75 53 47 59 89127167200219221208185160140131 4 715NG 3592061738222999999999999991049 46231213199999999999999
135151173195209212199171133 93 59 40 40 61 98143185216230224203175147129 4 716NG 4402121813230999999999999991129 38234812499999999999999
125135157184207218214194159116 75 45 31 40 70114162203229234220192160133 4 717NG 51721918462359999999999999912 7 31999999999999999999999
120122140169197218224213184143 98 59 34 29 47 86135183219237232209175143 4 718NG 552224191723899999999999999 0211191243 2899999999999999
120113125150182209225224205170125 80 46 29 34 63109159203231238223192156 4 719NG 628227194823999999999999999 0521131316 2899999999999999
127110112132162194217227219193153107 66 39 32 49 86134182219237233209173 4 720NG 7 4227201923899999999999999 1241091348 3299999999999999
138114105115141173201220223209178136 93 59 41 45 70112160201229236222191 4 721NG 742224205023799999999999999 1571051421 4099999999999999
154123105104120148178203217215196163123 86 60 52 65 96139181215232229206 4 722NG 825218212123399999999999999 2331021454 5299999999999999
172137111100105124151178199209205185153117 88 71 71 89122160196221228217 4 723NG 913210215422899999999999999 3121001529 6899999999999999
190156125104 97104123148173192200195177150121 99 89 93113143176204220220 4 724NG1010201223022299999999999999 358 971611 8899999999999999
204176144116 98 93 99116139162182192190176155134117110115132157183205215 4 725NG1120192231321699999999999999 457 9317 511099999999999999
211194167137111 93 86 90104125150171185189183169152138130132144163185202 4 726NG1252189999999999999999999999 610 86182013099999999999999
210205189164136108 87 75 75 87109136162183195196188173157145141148163182 4 727NG 0 8210143719799999999999999 731 73195214199999999999999
198207205191168137105 78 61 57 68 91123157187207214208191170152142145158 4 728NG 12020716 121499999999999999 846 57211914299999999999999
177196209211199174139101 67 45 38 49 76115157196222232224201174150136137 4 729NG 23821217 223299999999999999 953 38222813599999999999999
151175200217222210181140 95 55 29 21 34 67114165209238246232203169140125 4 730NG 3482221751247999999999999991053 21232312499999999999999
127147177207228234219185137 86 43 15  9 27 68122178224252254231194156126 4 731NG 4472341835256999999999999991146  8999999999999999999999
112120146183217239243224184131 77 33  7  6 32 80139195238259251220178138 4 8 1NG 540244191425999999999999999 0 91121233  399999999999999
110102117151192227246246221176121 68 28  8 16 50103161213248257239201157 4 8 2NG 628249195025899999999999999 0511011315  799999999999999
118 96 96120159200232247241211163110 62 30 20 38 79132185227250247220177 4 8 3NG 714247202325299999999999999 130 931352 2099999999999999
134102 88 97126166204230240228195148101 63 42 44 70113161205235244229195 4 8 4NG 758240205324499999999999999 2 7 881425 4099999999999999
153116 91 86102134170203223226210176136 98 72 64 76106146185217233230207 4 8 5NG 841227212023499999999999999 244 861455 6499999999999999
171134104 88 90109138170196210209191161129103 90 92110139171200219223211 4 8 6NG 925212214522499999999999999 323 871522 8999999999999999
185152121 99 90 96114139165185195192176154132117113121139162186205213209 4 8 7NG1015196221121399999999999999 4 7 90155111399999999999999
193168141117100 94 99114134156173181179169155143136136144158174190200202 4 8 8NG1117182224320299999999999999 5 2 94162713599999999999999
194179159137118103 96 98109126146162172175172165159155154158166175185190 4 8 9NG1253175233319199999999999999 617 96173815499999999999999
191185174158140121104 94 92101117137155170179182181175169163161163169176 4 810NG15 7182999999999999999999999 739 9220 116199999999999999
182185183176162143121100 86 82 90108131155176191197195186174162155155160 4 811NG 110185161519899999999999999 849 82213815499999999999999
169179187189183168144116 91 74 70 80102132163189207212205189170153144144 4 812NG 249189165421299999999999999 946 70223014399999999999999
153168184196199191170139105 76 59 58 74104141178207222221206182157139131 4 813NG 3491991727224999999999999991034 5723 613199999999999999
136152175196209210195166127 89 59 45 50 75114159198225234223198167139123 4 814NG 4332121756234999999999999991115 45233712099999999999999
121134160189212223217193154110 70 43 36 51 86134182220239237215181146120 4 815NG 5102231824241999999999999991151 35999999999999999999999
109116140173206227232217183137 90 52 32 34 61107160207238247232199159124 4 816NG 546233185224799999999999999 0 71091224 3099999999999999
102100118152190221238235210168118 72 40 29 44 83136188229249245217175133 4 817NG 622239191925199999999999999 037 981256 2999999999999999
102 89 97126166205232242230196149 99 58 36 38 66113167214244251232194149 4 818NG 658242194625299999999999999 1 7 891326 3399999999999999
109 86 83102138180215236238218179131 86 54 44 59 96146195232249242211167 4 819NG 736240201325099999999999999 138 811356 4499999999999999
123 90 76 83111150189219233228203162118 82 62 64 88129176215240243224186 4 820NG 817234203924599999999999999 210 761426 6099999999999999
141102 78 73 88119156191215224215188151115 90 81 92120159196225237229201 4 821NG 9 122421 723799999999999999 245 731458 8199999999999999
161121 90 74 76 94124156185205211201177148123107107121147178206223225210 4 822NG 952211213722799999999999999 324 73153310599999999999999
180144111 87 76 80 97121149174191197190175155139131133145164186205214211 4 823NG1057197221521499999999999999 414 76162013199999999999999
194168138111 91 81 82 92111135158176186187181172162155153159170183196202 4 824NG1239188231120299999999999999 525 80174315399999999999999
198186166142118 98 83 77 81 95116140163182193197193183172163160163172183 4 825NG1456197999999999999999999999 7 6 77195916099999999999999
192194189176155130103 81 67 65 76 97126158186207216212198179161150149158 4 826NG 051194161221799999999999999 840 64213514899999999999999
173188199202192170139104 73 52 46 57 83121162200226235226202173147132132 4 827NG 243202165923599999999999999 953 46223313099999999999999
145168194213220210183143 99 61 37 30 45 79126176219245248228194157127112 4 828NG 3572201738250999999999999991049 30231711199999999999999
116139172206230237223188140 90 49 23 21 44 88143197238258250218175133103 4 829NG 4522381813258999999999999991136 192356 9399999999999999
 93106140183221246249228184130 78 38 18 24 58110168220254261240197149107 4 830NG 5392511845262999999999999991217 17999999999999999999999
 82 81106150197235255251221172117 68 34 24 42 85141196239260252218169120 4 831NG 621256191526199999999999999 032 781252 2499999999999999
 83 68 79115163209242255243206155104 63 41 44 73122174220249254232189139 4 9 1NG 7 1255194125599999999999999 1 6 671323 3999999999999999
 95 67 64 86128176217242246226186138 95 66 58 75112158202234247237204158 4 9 2NG 74024720 424899999999999999 138 621350 5899999999999999
112 77 61 70100143185218234229204166126 95 80 86111149188219236234212174 4 9 3NG 817235202423899999999999999 210 611414 8099999999999999
131 94 70 66 82115153188212220209183151122105103118145177205223226213185 4 9 4NG 856220204322799999999999999 242 65143610299999999999999
149114 87 74 77 97126157184201203190169146129123129147170192208215209190 4 9 5NG 93820421 221599999999999999 317 73145912399999999999999
163134108 90 84 90107130154175187187177163150143144152166181193200199189 4 9 6NG1030188212420199999999999999 359 84152514399999999999999
172151130112100 95 99110127146163173176173168163161163167173179184186183 4 9 7NG1155176215518699999999999999 5 3 9516 716199999999999999
175164150136122110102100106118135151165174179180180177173170168168170172 4 9 8NG15 7180234917299999999999999 644100202616899999999999999
172171167159147131114100 93 95106124145165181192196193185173162155153157 4 9 9NG16 5196999999999999999999999 817 93215115399999999999999
163171177178172157135111 91 80 82 96119147174196209210200182162146138139 4 910NG 241179163421199999999999999 923 79222313799999999999999
149165181192194184161130 99 76 65 70 91123159193216224216195168143126121 4 911NG 34119517 1224999999999999991011 65225012199999999999999
130151176198211208189156117 82 58 51 65 96138181215234233212180146119106 4 912NG 4222121726236999999999999991051 51231710599999999999999
109130162195219228217187144 99 63 43 45 70113163207237245230196155118 94 4 913NG 4582281751246999999999999991125 412345 8999999999999999
 89105139180216237239217176126 80 47 36 50 88140192233252246216171125 90 4 914NG 5342411816253999999999999991158 36999999999999999999999
 74 80110155200234250241208159107 64 39 40 68117173221251256234191139 95 4 915NG 610250184125899999999999999 014 731229 3699999999999999
 66 61 81123173217247254235193141 92 56 43 58 98151204242258247211159107 4 916NG 64725419 725899999999999999 043 6013 0 4399999999999999
 69 50 58 90139189229250248221176126 84 60 60 87133184227251252226180127 4 917NG 726253193225599999999999999 114 501330 5799999999999999
 81 51 45 64104153198231245236204160118 87 76 88121166208237247234198149 4 918NG 8 7245195724799999999999999 145 4414 0 7699999999999999
101 64 46 50 76117161200225232218188151119101101120152189219235232210171 4 919NG 851232202223699999999999999 219 451431 9899999999999999
126 86 60 51 62 89125161192211214201177151131123129148174199217222212186 4 920NG 941215205122299999999999999 256 5115 512399999999999999
151115 85 67 63 74 96124152177193197189176161150147153166181196205204193 4 921NG1049197212720699999999999999 345 63155114799999999999999
171144118 95 81 76 81 94114137158175185187184178172167166169175182187187 4 922NG1252187223318899999999999999 5 0 76174716699999999999999
181169152132113 96 84 80 85 98118141164183195200197188176165158158162170 4 923NG15 6200999999999999999999999 659 80203715799999999999999
177181179169152130105 84 71 70 81103132163192212219212194171150137135143 4 924NG 11118116 021999999999999999 838 69214213499999999999999
160178192198192171141107 77 58 54 67 95134174209231233217187154126111113 4 925NG 3 0198163823599999999999999 945 54222411099999999999999
131159188211220211183143101 66 45 44 63101148194230246238208167127 98 87 4 926NG 4 12201710247999999999999991035 4223 0 8799999999999999
 98128168206231238222185137 91 55 38 43 73120172218248253230188139 97 71 4 927NG 4482391740254999999999999991116 372334 6799999999999999
 69 93136184224248247222177125 79 48 39 56 96149200239257246209158107 68 4 928NG 53025118 8257999999999999991152 39999999999999999999999
 52 63100151202239256246211162112 72 50 53 82129181225251252226178124 77 4 929NG 6 8256183325599999999999999 0 7 521223 4899999999999999
 47 44 69115170217247254234194145100 71 62 79117165209240250235196144 93 4 930NG 645255185525199999999999999 038 421251 6299999999999999
 54 38 48 84135187226246243215173130 96 79 84112153195227243237208163113 410 1NG 721248191524399999999999999 1 8 371316 7899999999999999
 70 43 41 63105154198228237225194155121 99 96113145182213232232213177133 410 2NG 756238193323499999999999999 137 391339 9599999999999999
 90 58 45 54 83125167202222222204174143120111119142172200218223213186150 410 3NG 831224195022499999999999999 2 6 4514 211199999999999999
111 79 60 57 73103139173198209204186162141129130143164187203211206189162 410 4NG 91021020 821199999999999999 237 56142612899999999999999
131102 81 71 75 91116144170188194188174158147144149161176188196195186169 410 5NG 957194202719699999999999999 314 71145314399999999999999
147125105 92 86 90102120141161175180177171164160159163169175179180177169 410 6NG11 6180204718099999999999999 4 6 86153115999999999999999
157144130117106 99 98104116133150164173177177176174171168166164163163163 410 7NG1347177999999999999999999999 539 98999999999999999999999
161157152143131117105 97 98106122141159175185191190183173161151146146150 410 8NG1520191999999999999999999999 728 96213314599999999999999
157164169167158141120101 88 86 95114139165187201205198183163144130126132 410 9NG 217169155220599999999999999 842 85215512699999999999999
145163178187185169144115 89 74 74 88115148181206219215197170142119107109 41010NG 318188161821999999999999999 933 72222010699999999999999
126151178199208199174139102 74 60 66 89126168204227231215184147113 90 85 41011NG 4 12081643232999999999999991015 602247 8599999999999999
 99129166200222225207171127 87 59 52 67102148194228243234203159115 81 64 41012NG 43922717 8243999999999999991051 512315 6399999999999999
 70 98141187223242236206161112 72 50 52 79125177221247249224179127 81 51 41013NG 5172431734251999999999999991126 482346 4499999999999999
 44 64107160209243254238198147 99 64 51 65103156206243256242201146 92 50 41014NG 55525418 02569999999999999912 0 51999999999999999999999
 29 35 69122179226254256231186134 90 64 62 88134187230253251222171112 61 41015NG 635259182625699999999999999 017 281234 6099999999999999
 27 18 38 82139194236256249218171124 89 74 84119166211242251235194139 83 41016NG 716257185325199999999999999 050 1813 7 7499999999999999
 40 17 20 50 98153202235248235202160122 98 94113149190224241237210165112 41017NG 8 0248192024299999999999999 124 151340 9399999999999999
 65 32 21 33 66112160200226232217187154127114119140172203223229216185142 41018NG 847232194922999999999999999 2 0 21141411399999999999999
 97 60 38 35 50 81120158190210213200178155139134142160182201212209193165 41019NG 941214202121299999999999999 242 34145413499999999999999
130 96 69 54 53 66 89119149175192196190178165155152157166178188193189177 41020NG105419621 619399999999999999 334 52155415299999999999999
156132107 87 74 70 75 90111136159177187190186178170163159159162168172174 41021NG1251190224617499999999999999 455 70183115899999999999999
170160145127108 91 80 77 84100123148171189198199191177161147139139146156 41022NG1433200999999999999999999999 648 77203113899999999999999
167174174165148125102 83 73 76 91116146176199212211196172146124113115128 41023NG 131175152421399999999999999 818 73212211299999999999999
149171188194186165135104 79 66 69 88118155190216226216190155121 96 86 95 41024NG 25719416 122699999999999999 920 6522 1 8699999999999999
120152184207213201173136100 73 61 68 94132174210232232210172128 90 67 65 41025NG 35221416322359999999999999910 8 612236 6399999999999999
 85122164202225228208172130 93 68 62 77111154197229241228193144 97 60 44 41026NG 43722917 0241999999999999991048 6123 9 4499999999999999
 54 87134182220239233205164120 86 68 70 96136181219240239211165112 65 36 41027NG 5172401726243999999999999991123 662340 3099999999999999
 31 54 99153201234245230195151110 83 74 88122165206233241224185132 80 40 41028NG 5552451750242999999999999991154 74999999999999999999999
 22 31 67119173217242242218179137103 85 88112151191223238230200153100 54 41029NG 630245181223899999999999999 011 211222 8399999999999999
 25 20 43 87141191227241231201162125101 94109140177210229230210171122 74 41030NG 7 5241183223299999999999999 041 191249 9499999999999999
 38 22 30 63110161204229233215183147119105110132164196218225213184142 97 41031NG 739234185322599999999999999 110 21131510499999999999999
 58 34 30 49 86131175208223218196166137119116129154182204215211191158119 411 1NG 815224191421599999999999999 140 29134111599999999999999
 82 54 41 46 70106146181204211201179154134126130147169189201203191168138 411 2NG 852211193720399999999999999 212 4014 912599999999999999
106 78 60 55 65 89120152179195197186168150139137145159174185190185172151 411 3NG 93619820 319099999999999999 248 55144113799999999999999
127103 83 72 71 81101126152173184185177165154148148154161169173174169158 411 4NG1032186203617499999999999999 334 70152914899999999999999
143126109 95 86 84 91105125147165176179176170163157154153153155157158157 411 5NG1157179221015899999999999999 443 8418 915399999999999999
153146135121107 96 90 92103120141160175182183179171160150141136136141148 411 6NG1341184999999999999999999999 616 90203013699999999999999
155159157149135117100 89 87 97116140163182193195187172153134120114118130 411 7NG 117159144019599999999999999 738 8721 811499999999999999
146163174175165145120 97 82 80 92116145175197208205188162133108 93 91103 411 8NG 238176151820999999999999999 839 792139 9099999999999999
126154179194194178150118 90 74 74 92123160193215221208179142105 77 65 71 411 9NG 331196154922199999999999999 929 722210 6499999999999999
 96132170201216211187150111 82 68 74100139181214231227201159112 71 46 41 41110NG 4162171619232999999999999991013 672243 4099999999999999
 59 97145191223235222188145104 75 66 81116161204233240223183130 78 39 19 41111NG 4592351649241999999999999991054 662317 1899999999999999
 25 56107162210241246225185138 98 74 73 96138185224244239208157 99 47 12 41112NG 5422471720245999999999999991133 702353  299999999999999
  2 19 63121179225250249221177131 95 78 86118163207237245228186129 71 23 41113NG 6262531751246999999999999991212 78999999999999999999999
 -3 -4 24 75135191232251243211167126 98 90106141184220240237210162104 50 41114NG 712251182324199999999999999 031 -71250 8999999999999999
 11 -7  2 37 89146196231243230198159125105106127161197224233221188140 87 41115NG 759243185723399999999999999 111 -7132910399999999999999
 41 11  2 16 52101151194222229214186154129117123144173200217218202169125 41116NG 849229193521999999999999999 153  1141011799999999999999
 81 44 22 18 35 67109151187208213200178154136130136153174192202199183155 41117NG 944213201920299999999999999 240 17145913099999999999999
120 85 57 40 39 52 79113147176195199191175158144139141151164176182181170 41118NG1050200212218399999999999999 336 37161013999999999999999
150125 98 75 61 58 66 86113142168185192189178163150140136138145155164168 41119NG12 919323 816899999999999999 447 5718 913599999999999999
165154137115 95 79 72 75 89112138163183193193183166148131119117123136150 41120NG1328194999999999999999999999 612 72194711799999999999999
163168165152133111 92 81 81 92113139166187199199186163136112 96 93102121 41121NG 110168142720199999999999999 733 792046 9299999999999999
145166179180168147122100 86 84 95118147175198208203182151116 87 71 71 87 41122NG 236181151120899999999999999 839 832129 6899999999999999
116148176193195181155127102 88 87102128160189209214201170130 90 60 48 55 41123NG 336196154721599999999999999 932 8522 8 4799999999999999
 82120159191208206187157126101 89 93112143176204218214190149103 63 36 31 41124NG 4242091618219999999999999991016 882243 3099999999999999
 50 87132176207220212186153121 99 91102128162194216221206170123 75 38 19 41125NG 5 62201646222999999999999991055 912317 1899999999999999
 25 54100151194221226210179144114 97 97115146181208222216189145 95 50 19 41126NG 5452271713222999999999999991129 952349 1199999999999999
 11 29 68120171209229225202168133108 98107132166197217220202166118 70 30 41127NG 62123017392219999999999999912 1 98999999999999999999999
 10 13 42 89142188220230217188153122104104121151183208218210183141 93 50 41128NG 65623018 521899999999999999 022  8123110299999999999999
 19 10 25 62111161201223223204172139115105114138168195211211194160117 73 41129NG 730226183121399999999999999 054 1013 110599999999999999
 37 18 19 43 84132176207219211187156128112112127153180199207198174139 98 41130NG 8 4219185820799999999999999 126 15133011099999999999999
 61 34 24 35 64105148185207210196171143123115122140164184196196181155121 412 1NG 840211192819799999999999999 159 2414 111599999999999999
 86 56 39 37 53 84122159187201198182158137123122132149167181186181165140 412 2NG 91920220 218699999999999999 235 36143712199999999999999
110 82 60 49 53 71100133164185193188172152136127128137149162170173167153 412 3NG10 4194204817399999999999999 315 49152412799999999999999
132108 85 68 62 67 84110139165182188181167151138131129134141150157160157 412 4NG105618822 316099999999999999 4 3 62164012999999999999999
147132113 94 80 74 78 93116142165181186181168153139128122121126134144152 412 5NG1158186235815599999999999999 5 5 74183712199999999999999
155151140124106 91 83 85 97119144167183189184171153133116105101106118135 412 6NG13 2189999999999999999999999 619 82195610199999999999999
150161163155138118 99 88 87 99121148173191196190172147119 96 80 77 86106 412 7NG 142163135819699999999999999 732 862047 7699999999999999
132157175180173153128104 90 88101126156183201205193167133 97 68 52 52 69 412 8NG 256180144520699999999999999 836 872130 5099999999999999
100136170193200190165134106 90 89105134168197213212192156112 70 39 25 31 412 9NG 354200152721599999999999999 933 872212 2499999999999999
 59100146186212218203172136106 89 91111145182211223215185139 88 43 12  2 41210NG 44621916 7223999999999999991025 872254  299999999999999
 17 54106159202228231210174135104 90 96122160197222229212173120 64 19 -9 41211NG 5362331647229999999999999991113 892338-1499999999999999
-12 11 57115171215239236210171131102 92104135174210230229204158101 45  2 41212NG 6242411728232999999999999991159 92999999999999999999999
-21-17 13 65125181223242234204164126102 97114148187217231223192143 85 32 41213NG 71224218 923199999999999999 023-231243 9699999999999999
 -6-23-13 23 77136188225238225193155121102104125159194218225212178129 75 41214NG 8 0238185322699999999999999 1 8-23132710099999999999999
 27 -5-15  1 39 91145191221228212181146118105111133164193211214198165119 41215NG 847228194021599999999999999 154-15141210599999999999999
 71 31  6  2 20 58105152191213215198169139117109116136162185199199183153 41216NG 935217203220199999999999999 241  115 110999999999999999
113 73 41 24 24 43 77118157188204202185159134117110116132152171182183170 41217NG1023206213318499999999999999 329 2216 011099999999999999
145114 82 58 46 49 66 95129161185196192176154132115108110121137153165168 41218NG1114196225016999999999999999 420 45171610799999999999999
161143120 96 78 69 72 86110137163182189185171150129111 99 97105119136151 41219NG12 9190999999999999999999999 517 691843 9799999999999999
159158148131113 98 89 90101120143165180187183168147123101 85 80 87103123 41220NG 02316013 718799999999999999 624 891956 8099999999999999
143157162157145129114104103111128148167182188183166141112 85 67 61 70 91 41221NG 2 016214 418899999999999999 7381032052 6199999999999999
117143163172170159142125113110117132152172186191183161131 96 66 48 45 59 41222NG 319173145419199999999999999 8491102139 4499999999999999
 86119151175186183169148128115112120137158179192193180152115 77 46 30 33 41223NG 417186153719499999999999999 9481112221 2999999999999999
 55 90129165190199192172148126112111122143167187198194173138 96 56 28 17 41224NG 5 319916151989999999999999910361102259 1799999999999999
 28 59101145182204208194169141119108111128153178197202190161120 75 36 13 41225NG 54220916492029999999999999911171072336  999999999999999
 11 31 70118164199215211189159130110104114137165190204201181144 99 54 20 41226NG 6172161722205999999999999991152104999999999999999999999
  4 12 42 88139183211219206177145117102104122150179200206195167125 78 36 41227NG 651219175320799999999999999 011  4122410099999999999999
  9  3 21 60110160198218215193161128105 98109133164190205203184148104 59 41228NG 723219182520699999999999999 045  21254 9899999999999999
 23  5 10 38 83133178208217205177143114 98100118147176197204194168128 84 41229NG 754217185620499999999999999 118  41324 9799999999999999
 44 17 10 25 60107154192212210190158127104 97107129158182197196180150110 41230NG 826214193019899999999999999 150  91355 9799999999999999
 69 37 19 22 46 85130171199208197172141114 99 99114138164183191185165133 41231NG 85720820 719199999999999999 222 181428 9799999999999999
 95 61 37 29 41 69109149182201201184156128107 98103119141162176180172151 5 1 1NG 931203205118099999999999999 254 2915 7 9899999999999999
