2004/12/31 00:00            注）必ず前年の12月31日を最初に入れること
 69 37 19 22 46 85130171199208197172141114 99 99114138164183191185165133 41231NG 85720820 719199999999999999 222 181428 9799999999999999
 95 61 37 29 41 69109149182201201184156128107 98103119141162176180172151 5 1 1NG 931203205118099999999999999 254 2915 7 9899999999999999
121 88 61 46 47 63 93129163188198191170142118101 97103118137154166169161 5 1 2NG10 4198214716999999999999999 329 441554 9799999999999999
142116 90 70 61 66 84112143171189192181159134112 98 93 98110126142155160 5 1 3NG104319323 116099999999999999 410 611658 9399999999999999
155141121101 86 80 85101125152174187187174153128107 91 84 85 95111129145 5 1 4NG1129189999999999999999999999 5 3 801819 8399999999999999
155156149135118104 97100112132155175185184171150125100 80 68 67 76 94117 5 1 5NG 037157122318699999999999999 615 971940 6699999999999999
139156165164153138122111109118135156174185185172150121 90 65 48 44 54 77 5 1 6NG 222166132818699999999999999 7421092047 4499999999999999
107138164180183174156135119112118134156176189190177151115 78 46 26 21 34 5 1 7NG 345184143419199999999999999 9 31122146 2199999999999999
 63101141176198203192168141120110114132158182198199183151108 64 26  3  0 5 1 8NG 44720415352009999999999999910121102241 -199999999999999
 17 53101150191216220203173140115104110132163191209209188150100 49  8-16 5 1 9NG 54022116302119999999999999911 91032333-1999999999999999
-17  7 51107162207230229206169132105 96107135171202219216190145 89 35 -7 5 110NG 6272331722220999999999999991158 96999999999999999999999
-29-25  6 58119177220239230199158119 94 89107141180211226219188137 79 24 5 111NG 711239181122699999999999999 022-301243 8899999999999999
-16-33-22 17 74136191228239222185141104 84 86110148187216226214179126 68 5 112NG 752239185922699999999999999 1 7-331325 8299999999999999
 18-16-25 -6 39 97155203231231206165123 91 77 86115154190214220203165114 5 113NG 831235194722099999999999999 150-2514 7 7799999999999999
 61 18 -6 -5 22 68122173210226216185144106 81 74 89119155186205206186149 5 114NG 9 7226203420899999999999999 229 -91448 7499999999999999
103 59 28 15 25 56100146186211215197163126 94 76 75 92120150176190187168 5 115NG 941216212319199999999999999 3 5 151532 7399999999999999
135 98 66 46 44 60 90128164191204199177145113 88 75 77 92115141161172169 5 116NG1012205221717299999999999999 338 431622 7499999999999999
152127100 80 71 75 92119148173190193182160132106 86 75 76 88107128145155 5 117NG1044194232415599999999999999 411 711725 7499999999999999
154143127111100 97104118137158174183181169150127104 85 74 72 80 95114131 5 118NG1120183999999999999999999999 450 971843 7299999999999999
142146143136128122120123132145158169174171162146126104 83 69 63 68 82102 5 119NG 1 2146121117499999999999999 55112020 2 6399999999999999
122138148153151146139134133136144153162168168161147127102 77 59 51 56 72 5 120NG 311153133216899999999999999 74813221 8 5199999999999999
 95120143159168167160148138131131137147159167171166150126 95 67 46 38 45 5 121NG 426168145617199999999999999 93113122 2 3899999999999999
 65 95127155175183179166148132123123131145161174178171151120 84 52 31 25 5 122NG 5 918415551789999999999999910331222248 2599999999999999
 38 66103141173192195184162139121112115129150171185187174146108 67 34 16 5 123NG 54219616391889999999999999911141122328 1499999999999999
 17 38 74119161191205200179150124106102113135162184196192171134 90 48 17 5 124NG 6132051717197999999999999991147102999999999999999999999
  5 15 47 92141182207211195165132106 93 97117147177198204192161117 69 29 5 125NG 641212175020499999999999999 0 4  51216 9399999999999999
  4  2 24 66117166201216208181145112 90 85100129163192208205183144 95 48 5 126NG 7 9216182320999999999999999 037  01245 8599999999999999
 14 -1  9 43 93145189214216195160122 92 78 84108144178203211199168122 73 5 127NG 735218185621199999999999999 1 7 -11313 7899999999999999
 32  6  4 28 71124172206218207176136100 77 73 89121158189206206185147100 5 128NG 8 1218192920899999999999999 135  21342 7299999999999999
 56 23 10 21 56104153193215213190152112 82 69 75 99133167192202195168127 5 129NG 82721720 520399999999999999 2 3 101412 6899999999999999
 83 46 25 25 48 88135177205214200168128 92 70 66 80108141170189193180150 5 130NG 853214204519399999999999999 230 221444 6599999999999999
112 75 49 39 50 79119159191207204180145108 79 65 68 85113142166180180165 5 131NG 919209213118299999999999999 259 391520 6499999999999999
137105 78 62 62 78107142174195201188161126 94 72 64 69 87111135156168167 5 2 1NG 948201222816999999999999999 331 6016 5 6499999999999999
154133110 92 84 88104129156179191189173146115 88 71 64 68 81101122142154 5 2 2NG1022192234815799999999999999 410 8317 7 6499999999999999
157151139124113108111123140159175182178162139113 89 71 61 60 68 84105126 5 2 3NG11 8182999999999999999999999 5 81081836 6099999999999999
143153157154146137129127131141155167174172161142119 94 71 54 46 49 63 85 5 2 4NG 159157121817499999999999999 6551272014 4699999999999999
111137158171175169157143132128133145159170174169154129 99 68 42 28 27 40 5 2 5NG 35217514 017499999999999999 8551282134 2599999999999999
 67102138170192198189169145126117120135155174185185169140100 60 26  6  4 5 2 6NG 45319815281879999999999999910151172238  399999999999999
 21 56102149189213216199169137112101107128157185202203183146 97 48  9-13 5 2 7NG 53821716322059999999999999911101012330-1799999999999999
-13 11 56112167209230225198158120 92 84 97128166200219217191145 89 35 -6 5 2 8NG 6182321726221999999999999991154 84999999999999999999999
-27-20 15 70132188227240223184138 97 72 70 93134179214231224190137 76 22 5 2 9NG 655240181323299999999999999 016-281234 6899999999999999
-15-28-11 34 95158209238238208161112 73 55 64 97145190223235220180123 64 5 210NG 729242185823599999999999999 057-281311 5599999999999999
 15-14-15 14 66127183224239224184133 86 54 46 66106155197224228206162107 5 211NG 8 0239194022999999999999999 133-181347 4699999999999999
 55 17  1 13 51104158203228227200154105 65 44 47 74117161197215212185141 5 212NG 829231202221799999999999999 2 5  11423 4299999999999999
 93 53 30 28 51 92139182212221206171126 83 54 43 55 85124162189199190162 5 213NG 85422121 219999999999999999 233 261458 4399999999999999
124 88 62 53 64 92129166195209204180144104 71 52 50 66 94127156175179167 5 214NG 916210214618099999999999999 258 531536 4999999999999999
143115 92 80 83 99125154179194196182156124 93 70 59 61 75 98123145158159 5 215NG 936197223616099999999999999 320 801620 5899999999999999
149133117106104112128147165179184178162139115 93 77 68 69 79 95114131141 5 216NG 957184235414499999999999999 3411041724 6899999999999999
144141135129126128134144154163169168161149134117100 86 75 72 75 86101117 5 217NG1025169999999999999999999999 4 612619 1 7299999999999999
130138144146146146145145146149152154155152147138125109 92 76 66 66 74 89 5 218NG 345146113515599999999999999 6341452036 6599999999999999
107126143156163164159151143138136138143149153154149136115 91 69 55 52 61 5 219NG 438164144215599999999999999 9561362144 5199999999999999
 80106133157173180175162146131122121127140153164168161141113 81 55 39 38 5 220NG 5 418015531689999999999999910401212234 3799999999999999
 53 80114149176191191177155131114106110125146167181182168139102 65 37 23 5 221NG 52919316361839999999999999911101062314 2399999999999999
 29 53 91133171196204193168137111 95 93107133162186197191167128 84 45 19 5 222NG 5542041711197999999999999991136 922347 1299999999999999
 13 29 65112159195212207183149114 88 79 88114149182204208192156110 63 26 5 223NG 61821317442099999999999999912 2 78999999999999999999999
  7 12 42 90142186214219199163122 88 68 69 91128168200217211183138 87 42 5 224NG 641220181621799999999999999 018  61228 6699999999999999
 12  5 25 68122173210225213180136 94 64 55 69103147187214221205167116 66 5 225NG 7 4225184922299999999999999 046  51255 5599999999999999
 27  9 17 51103156200224223196152105 67 47 51 77120165201220217190146 95 5 226NG 727227192322199999999999999 113  81322 4699999999999999
 51 23 19 42 86139186217226209169121 77 47 40 55 91136178207217205171125 5 227NG 750226195921799999999999999 139 181350 3999999999999999
 80 46 32 43 76123170205222215184139 92 55 37 41 67106148183204206187152 5 228NG 813222203620899999999999999 2 5 321419 3699999999999999
110 75 54 53 74111153190212214194156111 70 44 37 50 79116152180194190170 5 3 1NG 836216211919599999999999999 232 511451 3799999999999999
138106 82 73 82106140173197206197170131 92 61 44 44 60 86118147169178173 5 3 2NG 9 1206221017899999999999999 3 1 731530 4299999999999999
156134113100 99111132157179192192177150117 85 63 51 53 65 86110133152161 5 3 3NG 930194232616299999999999999 334 981623 5099999999999999
160152140130124125132145160173179176162141116 92 73 61 58 63 76 94114133 5 3 4NG1011179999999999999999999999 4241231754 5899999999999999
147156159157153147143142145151159164164157145128108 87 69 56 52 58 72 93 5 3 5NG 2 7159113016499999999999999 6471421957 5299999999999999
117141162175179174163149137132134142152161165161148126 98 70 47 35 36 50 5 3 6NG 35717914 316599999999999999 9141322127 3399999999999999
 77111147177197201189166141121111114128149169183184170141103 64 33 15 15 5 3 7NG 44420115361859999999999999910181102229 1399999999999999
 35 72117163200218215191156122 97 87 96121155185205207187148100 53 17 -1 5 3 8NG 52022016352089999999999999911 1 872318 -299999999999999
  4 33 81136187222233217180135 95 69 66 86124168205225222194146 90 40  4 5 3 9NG 5542331723227999999999999991139 642359 -999999999999999
 -9  6 47104163211238235204156105 65 45 52 86135185222238227190135 77 29 5 310NG 62524118 7238999999999999991215 44999999999999999999999
  0 -2 26 76136191230242224180125 74 39 30 51 95150199232240220176119 66 5 311NG 654242184824199999999999999 035 -51249 2999999999999999
 26  9 20 59114169214238233200147 92 47 23 27 60111165208233231203156103 5 312NG 721239192723599999999999999 1 7  91322 2199999999999999
 59 33 30 55100151196225232211168114 64 30 19 36 76127175210224213180136 5 313NG 74523320 522499999999999999 135 281353 1999999999999999
 93 62 51 62 95138180210223213181135 86 47 25 27 53 94140178202207190157 5 314NG 8 5223204220899999999999999 2 0 511425 2399999999999999
121 90 74 77 98131167195211208187151108 69 42 33 44 72109145174189186167 5 315NG 823212212019099999999999999 222 731457 3399999999999999
140115 98 95107130157181196199186160127 93 65 50 49 62 87116143163171166 5 316NG 84019922 417199999999999999 242 941534 4799999999999999
151133119114118132150168180185179163140114 91 73 65 66 76 94115135149154 5 317NG 85718523 615499999999999999 3 21141623 6499999999999999
151144137132133139148157165169167160147131115100 88 80 77 81 92107122135 5 318NG 916169999999999999999999999 3231321752 7799999999999999
143147148149149149150151151152152150147141135126114101 89 80 77 83 94110 5 319NG 9291529999999999999999999991950 77999999999999999999999
126141153162165164158150142136134136140145148148141128109 89 73 66 70 83 5 320NG 41116514281499999999999999910 21342110 6699999999999999
103127150168179179170155138125117118127140154164165155134106 79 60 52 58 5 321NG 433180153816699999999999999102311722 4 5299999999999999
 78107139168187194185165141118103100109128152172184181162131 95 64 44 40 5 322NG 4551941619184999999999999991046 992243 3999999999999999
 54 84122161190205201180149117 93 82 88109140171194201189160119 78 46 31 5 323NG 5172061655201999999999999991110 822317 3099999999999999
 35 61102148187211215196162123 89 68 66 85119159193213212189149102 60 32 5 324NG 5392161728216999999999999991136 652348 2499999999999999
 25 43 81131178211224212179135 92 60 48 59 92137182214227215180132 83 45 5 325NG 6 122418 22279999999999999912 2 48999999999999999999999
 25 31 63112163205228226197151102 60 37 37 63108159202228231208164113 68 5 326NG 624230183723399999999999999 017 241230 3499999999999999
 37 30 51 94146194225232213170118 69 34 22 37 76128178216234226194146 97 5 327NG 647233191323499999999999999 046 301258 2299999999999999
 59 41 48 81129178215231223188138 84 42 19 20 48 94146191221229213176130 5 328NG 710232195023099999999999999 114 401327 1699999999999999
 88 62 57 76115161200223225202158106 58 26 15 29 64111158196217217195158 5 329NG 734227203022099999999999999 143 561357 1599999999999999
119 89 75 82108146183209219207175129 82 44 23 23 44 80122161190204199177 5 330NG 758219211420599999999999999 212 751431 2199999999999999
147119100 97110135166192206204184150109 71 44 32 38 58 89124155177186181 5 331NG 82420722 918799999999999999 242 961511 3299999999999999
165145128119121133152172187192185164135103 74 55 47 52 67 90116140159169 5 4 1NG 856192233217099999999999999 32011816 8 4799999999999999
170163153144139140146155165173174168153133111 90 73 63 60 67 81100122142 5 4 2NG 943175999999999999999999999 4251391745 6099999999999999
158168171169163155148144144148154158159155145130110 90 72 61 58 66 83107 5 4 3NG 2 6171114215999999999999999 7311431945 5899999999999999
133158177187187177160143129123125136149161168166153130102 75 54 45 51 70 5 4 4NG 329189141816999999999999999 91112321 9 4599999999999999
100135169194206201181152124104 97104124150174189190174144106 70 44 33 40 5 4 5NG 41120615341929999999999999910 0 9722 7 3399999999999999
 66105149188215220204171131 96 75 72 89122160193212211187148102 62 34 26 5 4 6NG 4462211627214999999999999991039 702253 2699999999999999
 41 76123172211231225194149102 65 47 54 84130176213230222190143 94 54 30 5 4 7NG 5172321712230999999999999991115 462332 2799999999999999
 30 54 98150198229237216172119 70 37 28 47 91145194228239223183133 85 50 5 4 8NG 5462371754240999999999999991149 27999999999999999999999
 35 45 80130180219238230194141 85 40 16 20 53106162209237239213169120 78 5 4 9NG 613239183424199999999999999 0 6 341222 1499999999999999
 52 49 72114162205231234210164108 56 20  8 26 69125178218236228196152109 5 410NG 637236191223799999999999999 037 471254  899999999999999
 76 63 73105148189219230218182131 78 35 11 13 43 90144190220227210176136 5 411NG 659230194822799999999999999 1 5 631325  999999999999999
102 82 82103137175205221217193151102 57 26 16 30 65111157194213211190157 5 412NG 720222202421599999999999999 130 791356 1699999999999999
125102 95106131163191208211196165124 83 49 30 31 52 86127164190200192170 5 413NG 73921221 220099999999999999 154 951428 2899999999999999
144122110113129153176193200193172141107 75 53 44 51 72102135163180184174 5 414NG 759200214418499999999999999 21911015 4 4499999999999999
157139127124131146163178185184172152127101 80 65 62 69 86110134155168169 5 415NG 821186224017099999999999999 2461231549 6299999999999999
163152143138138145154162168170166155141124107 92 81 77 81 92109128145156 5 416NG 848170999999999999999999999 32113717 2 7799999999999999
161160157153150149149150151153153151147140131119106 94 86 84 90103120137 5 417NG 019161 94515399999999999999 5151491846 8499999999999999
152161167168164158150142137135136140146150150145134118100 86 79 82 95114 5 418NG 242168133815099999999999999 9 41352011 7999999999999999
136156171180180171157141126117116123136150162167161145122 98 79 70 74 91 5 419NG 33018115 016799999999999999 9371162111 7099999999999999
116144170188194187169145121103 96101118141165181185174150119 89 68 61 71 5 420NG 35919415481859999999999999910 5 962156 6199999999999999
 95128162190205203185155122 94 77 77 93122156185202201181148110 78 58 57 5 421NG 4242061628204999999999999991032 752235 5599999999999999
 75108149186211217202171130 92 65 54 65 94135176207220211181140 98 67 52 5 422NG 44921717 62209999999999999911 1 542310 5299999999999999
 60 89131175209226219190146 99 60 38 38 62105154198226232213174128 87 60 5 423NG 5132261744233999999999999991130 352344 5499999999999999
 55 73112159201227231209166114 66 32 19 32 69122175217239235207163117 80 5 424NG 53923318232419999999999999912 1 19999999999999999999999
 61 66 96141187221235224189137 82 37 11 10 36 84140192228242230196150108 5 425NG 6 523519 324399999999999999 018 601233  799999999999999
 79 70 86123168207230231207162107 55 18  3 14 49101156202231237218182140 5 426NG 632234194423899999999999999 051 7013 6  399999999999999
105 86 88112150189218228217184135 82 38 11  6 26 66116164203225224203169 5 427NG 7 0228202922799999999999999 125 841342  599999999999999
135109100110136170200217217198161114 69 34 16 19 42 80124165196212208189 5 428NG 731219211921399999999999999 2 01001422 1599999999999999
161136120117130153178198206200178144104 68 42 30 36 57 89125159184196194 5 429NG 8 5207221919799999999999999 2391161510 3099999999999999
180161143133133143158175187190183164137106 78 57 48 51 66 91120148171184 5 430NG 851191234118699999999999999 3301321615 4899999999999999
186179167154145142144151161170174170159141118 95 76 64 62 70 87112138162 5 5 1NG10 6174999999999999999999999 5 51421745 6199999999999999
178186185177164150139133134141151161166165155137115 93 75 66 68 82105133 5 5 2NG 122187121816799999999999999 7221321919 6599999999999999
160182195196185166144124112110120137156171178173157132104 80 66 65 79104 5 5 3NG 23519714 817899999999999999 8371092033 6499999999999999
136168194208205187159127100 85 86103130159183196192173142108 81 65 65 81 5 5 4NG 322209151819799999999999999 926 842131 6399999999999999
111148183209219208179140101 72 59 67 94131170200213207182145108 79 65 69 5 5 5NG 35921916112149999999999999910 7 592218 6499999999999999
 91127167202223224201161114 72 45 38 57 95141185216226214183143105 79 69 5 5 6NG 4322261658226999999999999991045 382259 6999999999999999
 80109149189218230219184135 85 45 23 28 57105157201228233213177136101 80 5 5 7NG 5 22301740234999999999999991121 222336 7799999999999999
 78 98133173208228228203159106 58 23 12 28 68122174215235231205166128 99 5 5 8NG 5292311820236999999999999991155 12999999999999999999999
 86 93120158194220229216181131 79 36 12 12 40 87141190223234222191154120 5 5 9NG 555229185823499999999999999 0 9 861229  999999999999999
 99 96113144180209224220196155105 58 24 11 23 59108159201225226207175141 5 510NG 620225193522899999999999999 039 9513 2 1199999999999999
115103110133165195214218204173130 84 46 22 21 42 81128172205219213191160 5 511NG 644219201122099999999999999 1 81031335 1899999999999999
132115113127152180201211205184151110 72 43 30 37 63101143180203209198175 5 512NG 710211204920999999999999999 13611114 9 3099999999999999
149128120125142165186199200189165133 99 69 49 44 56 82117152180196196183 5 513NG 738201213019899999999999999 2 61201447 4499999999999999
163143131128137153169183189186172150123 96 74 61 60 73 97126155177187185 5 514NG 810189221918899999999999999 2411281531 5999999999999999
174158144137137144155165173176171160142121101 84 74 75 85105130154172180 5 515NG 854176232118199999999999999 3271361628 7399999999999999
179171160149143141143148154160163161154143127110 95 85 84 92108130152169 5 516NG1013163999999999999999999999 4541411740 8399999999999999
178179174165154144137134134139147154158158151138122105 92 88 93109130153 5 517NG 039180122515999999999999999 7201331857 8799999999999999
172183186181169153137123116116124138153164169165151131110 94 87 93110134 5 518NG 15018614 316999999999999999 82811520 3 8799999999999999
160181193195185166143119102 94 98114136160178185180162136111 92 85 93114 5 519NG 23919615 618699999999999999 9 9 942058 8599999999999999
143172195206202184155123 94 76 72 84110143174196204194169138108 89 84 96 5 520NG 316206155620499999999999999 945 712146 8499999999999999
123157189210216203174135 96 66 50 53 76113155192215220203172135104 86 86 5 521NG 3492161642221999999999999991020 492231 8399999999999999
105138176207224221196156109 67 38 29 42 76123172211232231207170131101 86 5 522NG 4222251726234999999999999991056 292313 8699999999999999
 92119157195222231217182133 82 40 16 15 38 83137188226243235205165126 99 5 523NG 4542311811243999999999999991134 122354 9099999999999999
 91104136177212232231207163109 58 20  2 10 43 94150200234246232199159123 5 524NG 5282341857246999999999999991213  2999999999999999999999
101 99120155194223234224191142 88 40  8 -2 14 53106161207236242224190152 5 525NG 6 3234194424399999999999999 034 971254 -299999999999999
122106112136171204226229212175125 74 32  7  4 25 66117167208231232213181 5 526NG 641230203223599999999999999 1151061338  299999999999999
148123115125150180207221219198161114 69 34 15 16 39 78125169204222221201 5 527NG 722222212422499999999999999 1581151425 1399999999999999
173146128124135156181201210205185151111 72 43 29 33 55 89130169198213210 5 528NG 811210222021399999999999999 2461231517 2899999999999999
193169147133129138154173189196193176148115 83 59 47 50 69 98133167192205 5 529NG 912197232120699999999999999 3461291617 4699999999999999
203189169149134128132143158173183183172152125 98 76 65 66 81106136166189 5 530NG1033184999999999999999999999 5 81281725 6499999999999999
201200188169148130119118126141158172179175161139114 93 80 79 91113140168 5 531NG 026202121017999999999999999 6401171836 7899999999999999
190202202189167142119103 98106124147167181183173153129107 93 90 99120147 5 6 1NG 127204134118499999999999999 752 981945 8999999999999999
174196207205188161129100 81 77 88112141169188195186166141117101 98107129 5 6 2NG 220208145519599999999999999 847 762046 9799999999999999
156184204213206183148111 79 60 58 76107144177200207197175147122107104116 5 6 3NG 3 4213155520799999999999999 934 57214110399999999999999
139168195213216202171130 89 57 41 46 71110152189212217204178148124110110 5 6 4NG 3432171646218999999999999991016 40222810899999999999999
126152182206219215193154109 67 38 28 42 75120166203223223205176145122112 5 6 5NG 4182201730226999999999999991056 28231011199999999999999
117137166195215221209178134 87 48 25 23 46 87136182215230223200168139119 5 6 6NG 4512211811230999999999999991134 21234811499999999999999
114126150180206220218197160113 68 34 19 27 57103154197224231217190157131 5 6 7NG 5232211849231999999999999991210 18999999999999999999999
117119137165193214220209181140 94 53 27 20 37 75123171208227226206176145 5 6 8NG 554220192622999999999999999 0221151246 2099999999999999
124117127150178203216215197164122 79 44 26 29 54 95142185214225216191161 5 6 9NG 62521820 122599999999999999 0551171322 2499999999999999
135120121137162188207213205182146106 68 42 32 44 74115159195216218202176 5 610NG 657213203621999999999999999 1261191357 3299999999999999
148128121128147171192205205192166131 95 64 45 44 62 94134172200212208189 5 611NG 732207211321399999999999999 1591211434 4299999999999999
163140126125136154175191198194179153121 90 66 55 60 80112148180201207197 5 612NG 811198215120799999999999999 2351241512 5499999999999999
177155136127129140156172184188183167144116 91 73 68 76 97127159185200201 5 613NG 859188223420299999999999999 3191271554 6799999999999999
189170150135128130138151164174178174161141118 98 84 81 91111138166188198 5 614NG10 2178232119999999999999999 4181281644 8199999999999999
196184166148133125124129140153164171171162146126108 96 93102121146171190 5 615NG1126172999999999999999999999 5391231743 9399999999999999
199195182164144127115111115126142158170174169156138119106103110128153177 5 616NG 013199125817499999999999999 7 1111185010399999999999999
194201197182160136114 98 92 97113134157175185183170150130114109116134159 5 617NG 1 6201142018599999999999999 8 3 92195710999999999999999
183200206199180153122 95 77 71 80102131162186200199184161137119112119139 5 618NG 158206152720199999999999999 854 7121 011299999999999999
166191209213202176141104 73 53 50 65 95133171201216215197169141121114122 5 619NG 247213162421899999999999999 941 49215711499999999999999
145175202218219202168126 83 50 32 33 54 92138182216232227204172141120114 5 620NG 3332211716233999999999999991027 29225011499999999999999
126153185213227223199158110 64 30 14 20 49 94146194229243234207171139118 5 621NG 41822818 6243999999999999991114 13233911499999999999999
115131162196223233224194147 95 48 15  2 13 49100156205239249235204166134 5 622NG 5 323418552499999999999999912 2  2999999999999999999999
116117138172206230237222187137 83 36  6 -3 15 55110166214243249230196158 5 623NG 550237194325099999999999999 0261141250 -399999999999999
128114120145180212233235217178127 75 31  5  2 24 67122176219243243220185 5 624NG 638237202924699999999999999 1121131338  099999999999999
149122113124151184213230229208170120 72 33 12 14 40 84136185221239233207 5 625NG 728232211423999999999999999 1581131425 1099999999999999
172140118113126153183208222219199162117 74 42 28 35 62104150192221231220 5 626NG 822223215823199999999999999 2461131511 2799999999999999
193161132115112125149176198210208189156117 82 58 49 59 86123163197218222 5 627NG 921211224222299999999999999 3391111558 4999999999999999
207181152126111109120140164185197196181154123 96 78 74 85109141173199213 5 628NG1027198232621599999999999999 4391081647 7499999999999999
212197172145121105102110127150171185187177158134114100 98108128154180199 5 629NG1141188999999999999999999999 5491011742 9899999999999999
209205189166139114 97 90 97113137159176183179166149132120118125141162183 5 630NG 01320913 718399999999999999 7 1 90184611799999999999999
199205200185160132105 85 77 83101127153174186187178163147135131136149167 5 7 1NG 1 5205143518899999999999999 8 5 77195913199999999999999
185199204198182155123 93 72 64 71 92122153178194198190174157143137140152 5 7 2NG 2 1204154819899999999999999 9 1 64211013699999999999999
169187201205198178147112 80 58 52 63 89124159188206209199180160144136140 5 7 3NG 256205164321099999999999999 951 51221013699999999999999
153172191205208197173137 98 65 45 43 60 92132171202218218203179156139133 5 7 4NG 3452081728220999999999999991037 42225913399999999999999
139156178199211210195164124 83 52 35 39 63101146187216227220199171146131 5 7 5NG 42921318 7227999999999999991120 34233912899999999999999
128140162187208217211188152108 68 40 29 41 72117164203227231216188158134 5 7 6NG 5 82171842232999999999999991159 29999999999999999999999
123127146172198216220207177136 92 54 32 29 50 89137183217233227205173143 5 7 7NG 544220191423399999999999999 0141231236 2799999999999999
123119131155184209221218198163119 76 44 29 37 66111159201227232217188155 5 7 8NG 619222194523399999999999999 0461181311 2999999999999999
129115119138167196215222211185145102 64 39 34 52 88135180214230225202170 5 7 9NG 653222201623199999999999999 1171151343 3399999999999999
139118113124148178203217216200168128 88 57 42 47 73114159198222228213185 5 710NG 729218204522899999999999999 1481121415 4199999999999999
152125112114131157184204212206185152114 80 58 53 67 99139179210224220198 5 711NG 8 7212211522599999999999999 2211111446 5299999999999999
167137117110117137161184200204195172140107 80 67 70 91124161194216221208 5 712NG 850204214722199999999999999 2581101519 6699999999999999
182152127112109119138160180192194184162134107 89 82 91114144176202216213 5 713NG 941195222021799999999999999 3401091555 8299999999999999
196169141119108107117134154172184186177159136116103101111132159186205212 5 714NG1042187225921299999999999999 432106164010099999999999999
205185159134114102101109124144163177182177164147131120119127145168189204 5 715NG12 1182234520899999999999999 538100174011899999999999999
207198178153128107 93 89 96111132154172183184176163148137132137151171190 5 716NG1337185999999999999999999999 654 89185913299999999999999
202205196177151123 98 80 73 79 95120148173190197194181164148139140152170 5 717NG 04220515 919899999999999999 8 5 73202413999999999999999
189203207199179150117 87 64 55 60 79110145178202215212197175154140138149 5 718NG 150207161921599999999999999 910 54213813799999999999999
168190207214206184149110 73 46 35 41 65103146187218232227207179152135132 5 719NG 25821417152339999999999999910 9 35224113199999999999999
145168195216224215189148102 59 29 17 26 56102153200234247237210175144125 5 720NG 4 022418 42479999999999999911 5 17233412299999999999999
124141171203227236224192145 92 46 14  3 17 55108165215247255238204164131 5 721NG 4562361849256999999999999991158  3999999999999999999999
114117141177213238244229191139 83 35  5 -2 19 64122181229256256231190148 5 722NG 549245193026099999999999999 0211131246 -399999999999999
117103113143184221244248228186131 75 30  4  4 33 83142198240258249216172 5 723NG 640249201025999999999999999 1 51031330  099999999999999
131103 96113148189224244244220176122 70 32 14 23 58109165213245252233195 5 724NG 730247204625399999999999999 148 951411 1499999999999999
151114 92 92115151190221238234207164115 72 43 36 53 90138186223243239213 5 725NG 820239212024499999999999999 230 891448 3599999999999999
173133102 87 93117151186212225218192154114 81 64 66 88123164201226234221 5 726NG 910225215223499999999999999 313 861524 6299999999999999
191154119 95 86 95117147177199208201178148119 98 91 99121151182208222220 5 727NG10 4208222322399999999999999 4 0 861559 9199999999999999
202173141112 93 87 95114139165184192187171151132121119129147169191206212 5 728NG11 6192225721299999999999999 456 87163811999999999999999
205187162135111 94 88 92108129152170179179171160150143143149161176190199 5 729NG1228180234020199999999999999 6 4 88173414299999999999999
200193178158134112 94 85 86 99118141160174180180175168161157158165174184 5 730NG1426181999999999999999999999 722 84191615799999999999999
191193188177159136112 91 78 78 89109134158178190194190181170161157160167 5 731NG 050193155819499999999999999 834 7621 715799999999999999
177186191191181163136108 83 68 67 80104134164189204208200185168155149151 5 8 1NG 224192164920899999999999999 934 66221614899999999999999
160174188197198187164132 99 72 57 58 76106142177205219217203181159143137 5 8 2NG 3351991725220999999999999991026 5523 113799999999999999
143158178196207206190160122 85 58 46 52 77115158196221229219196168144129 5 8 3NG 4252081757229999999999999991110 45233512799999999999999
128141164189209218211187149107 69 44 38 53 88133179215234232212181150126 5 8 4NG 5 52181826236999999999999991148 38999999999999999999999
117124146176204222225210177133 89 53 35 38 64108158202231240226197161129 5 8 5NG 540226185324099999999999999 0 51171222 3399999999999999
111110127158191218231226201161114 71 42 33 48 85135184222241237212175138 5 8 6NG 614231191924299999999999999 0331081253 3299999999999999
111101110137173206228233219185140 94 57 38 41 69115165209236242225190150 5 8 7NG 647234194424399999999999999 1 21011321 3699999999999999
116 97 97117150187216231228205166121 79 52 44 61 99147193227242234205165 5 8 8NG 72123220 924299999999999999 130 941349 4499999999999999
126 99 90100127163197220227217188147105 73 57 62 89131176214236237217180 5 8 9NG 756227203323999999999999999 159 901416 5699999999999999
140107 89 89107138172200217218202171133 99 77 73 88120161198225234224195 5 810NG 835220205823499999999999999 230 871443 7299999999999999
156120 95 85 93115145174198209206187158127102 91 96117148182211226225205 5 811NG 918210212522899999999999999 3 3 851513 9199999999999999
173137107 89 86 97118145171190199194177154131116112121141168194213219210 5 812NG1010199215621999999999999999 343 85154911299999999999999
188157126102 88 87 97116139161179188186175160145136135142157177195207209 5 813NG1119188223721099999999999999 436 86163913499999999999999
198176150123102 89 86 92106126147166179184182174165157153155163176190199 5 814NG13 8184233720099999999999999 552 86181115399999999999999
200191174152128105 88 79 79 89108132156176190196194186174163158159168180 5 815NG1513197999999999999999999999 728 78201515799999999999999
191197194183162136108 83 66 61 69 89118151181205216215202182162150148156 5 816NG 113197162321799999999999999 854 61214214799999999999999
172189203207198176144107 73 49 40 48 73110153194224237231209179152135132 5 817NG 25020717112379999999999999910 2 40224113199999999999999
144168195216224216189148101 60 31 21 32 65113165212244253237204166133115 5 818NG 4 12241751253999999999999991059 21232811399999999999999
116136170206233242230196146 92 46 16  8 27 70127185233260259232189145111 5 819NG 4582421829263999999999999991148  8999999999999999999999
 95104135178220248256238196139 82 35  8  8 36 88150208250267254216166119 5 820NG 54925619 426799999999999999 010 951231  499999999999999
 88 79 98139188231257260235187128 73 31 12 22 61118178229260264237190138 5 821NG 636262193726699999999999999 049 791310 1299999999999999
 95 70 72101148197237258254224173117 69 37 30 52 96152204243260248212161 5 822NG 72226020 626099999999999999 126 671345 2999999999999999
112 76 61 73109156202235249239206158110 73 55 61 90135183222246248224182 5 823NG 8 6249203425099999999999999 2 3 611416 5499999999999999
134 92 66 62 81118161200226233218186146111 88 83 98129168204229238227197 5 824NG 850233205823899999999999999 240 611445 8299999999999999
156115 83 67 70 92125161192210212197171142120110115134161190212224221203 5 825NG 937214212022599999999999999 319 66151011099999999999999
173138106 84 75 82101128156179193193181164147137136144160179197208210201 5 826NG1030194214221199999999999999 4 4 75153613599999999999999
182157131108 92 86 90104124146165176179174167160157158164173183191196193 5 827NG1147179221119699999999999999 5 4 86161015799999999999999
185171153134117102 94 93101116135152166174178178177174173172173175178181 5 828NG1441178232218199999999999999 634 93185817299999999999999
180177170159144127109 95 89 93106124145164179190194192184175167162161164 5 829NG16 8194999999999999999999999 8 8 89214016199999999999999
170176179179171154132108 89 79 82 96118145172193206208199184167153145146 5 830NG 223180164020999999999999999 918 79222414599999999999999
155168182191192182159129 99 77 66 71 91121156188211221215197172150134129 5 831NG 33719317 7221999999999999991011 66225312999999999999999
137154176196207205187156118 84 61 55 66 95135175209228229212184153128116 5 9 1NG 4222081733231999999999999991052 54232011599999999999999
118136164192214222211183143101 67 48 49 72111158200229239227198162128107 5 9 2NG 4582221757239999999999999991127 46234610199999999999999
102116145181212230230209171125 82 51 41 54 89137186224244240214175134104 5 9 3NG 5302331820245999999999999991158 41999999999999999999999
 89 96123161200229240230198152104 65 43 44 71117169214243248228190145107 5 9 4NG 6 2240184324999999999999999 012 891227 4099999999999999
 82 79 99137181218241242221180131 86 55 45 61100151200236251240206160115 5 9 5NG 63524419 525199999999999999 038 781254 4599999999999999
 82 69 79111155198230244235204159112 75 55 60 89135185225247246220177129 5 9 6NG 7 8244192725099999999999999 1 5 691320 5499999999999999
 89 66 65 88127172210234239221185140100 74 68 85123169211239246229192145 5 9 7NG 743240194924699999999999999 132 631346 6799999999999999
101 71 60 71102143184215231227204167128 98 84 91117156196226239232205163 5 9 8NG 820232201124099999999999999 2 0 601412 8499999999999999
118 83 63 63 82115154188212220211187155125107105119147181210227229212179 5 9 9NG 9 0220203523099999999999999 230 61143910499999999999999
139101 75 65 72 93124156183201206196176152134125129145169193211219212191 5 910NG 94920621 321999999999999999 3 6 65151112599999999999999
159125 97 79 73 81 99123149171186191186174161151148152163178193203204195 5 911NG1057191214020599999999999999 354 73155614899999999999999
176151125103 88 82 85 96113133154170181184183178172168166168174182188190 5 912NG13 8184225019099999999999999 512 82175616699999999999999
185174157138117 99 86 80 83 95114137159179193200199191179168160159164173 5 913NG1521200999999999999999999999 711 80203915999999999999999
181186184174157133106 83 68 65 74 95125158188211221217201178156141138146 5 914NG 115186161322299999999999999 847 64214713899999999999999
163182198204197176144107 74 51 45 56 84123167206233240227198163134116115 5 915NG 3 1204165124099999999999999 954 45223311399999999999999
132161192217228219191148101 61 35 29 47 85135187229252250223182139105 89 5 916NG 4 52281725255999999999999991045 292312 8999999999999999
 96125167209238249234196144 91 48 24 24 52100158212250263247207155108 76 5 917NG 4562491757264999999999999991129 212349 6699999999999999
 67 86128180226256261238192135 81 41 24 34 73128187236263262231179123 77 5 918NG 54226218272679999999999999912 8 23999999999999999999999
 51 54 86138194240264262231180123 74 43 36 59106163215252264247203146 92 5 919NG 626267185626499999999999999 025 491243 3599999999999999
 52 38 53 96152206246263252216165113 74 55 62 95144194235256252221170114 5 920NG 7 8263192125899999999999999 1 0 381315 5499999999999999
 67 39 37 64111165212243251234196150109 83 79 97134178217242247228189138 5 921NG 749252194424899999999999999 134 341343 7899999999999999
 90 54 38 48 81127174211233232211176140113101109133167201225235227200159 5 922NG 82923520 423599999999999999 2 7 3814 810199999999999999
115 77 54 49 66 98138176204216210190163139125125139162188209220218202173 5 923NG 911216202222199999999999999 242 48143112399999999999999
138104 78 65 67 84112143171190197191176159146142148162179194204205197179 5 924NG 959197203920699999999999999 320 64145414299999999999999
155129106 89 81 85 97117140161175181178171164160161166174181187189186177 5 925NG11 7181205718999999999999999 412 81152116099999999999999
164149132117104 97 96102115132149163171175177176175174173172171171170169 5 926NG1410177999999999999999999999 539 95999999999999999999999
166161155145132118105 98 98106121139156172183190191186178168159153152155 5 927NG1539191999999999999999999999 730 97214515299999999999999
160166170169160144124104 91 88 95113136160182198205201188170152139133137 5 928NG 21917016 820599999999999999 848 8722 613399999999999999
148163178187185172148120 95 79 76 88112143174200215215201178151129117117 5 929NG 325187163221799999999999999 941 75222911599999999999999
130152177196205198176143108 80 66 68 89122160196220228216190157126104 98 5 930NG 4 62051654228999999999999991021 652253 9899999999999999
108134166197216220203170130 92 66 57 69100143186219236231205168128 97 81 510 1NG 4402211716237999999999999991056 572318 8099999999999999
 86110147187218233227199157113 76 56 57 82124172213239242221183137 97 71 510 2NG 5132341738244999999999999991126 532344 6599999999999999
 65 84121167209236243225187139 95 64 54 69106155202236249236200151103 68 510 3NG 54624318 0249999999999999991156 54999999999999999999999
 51 60 92140189228248243214169121 82 61 64 92138188228249245216169116 72 510 4NG 620249182225199999999999999 011 511224 5999999999999999
 45 42 65109161208240250235198151108 78 69 85123171215243248229187134 85 510 5NG 654250184424999999999999999 038 401252 6899999999999999
 49 34 45 80129180220243243219180136101 83 87114156199231244235203155103 510 6NG 73024619 724599999999999999 1 6 341320 8299999999999999
 62 37 36 58 98147191223237229201164128104 98113144182215234234213174126 510 7NG 8 9237193023799999999999999 135 331348 9899999999999999
 82 51 38 46 74115157193217223211185155129117120139168198219225215188149 510 8NG 851224195522699999999999999 2 6 38141811699999999999999
108 73 52 48 62 89123158186203206195176155140136143160181200210209195168 510 9NG 942207202521199999999999999 244 48145313699999999999999
136103 78 64 63 75 96122149172187191187176165157155159169180189194191179 51010NG105619121 819499999999999999 335 62154915599999999999999
159136112 93 80 76 80 93112134155173184188186181174167164163166171175177 51011NG1310188224917799999999999999 459 76183916399999999999999
173164149131112 94 82 77 82 96118143167186199202197184168154145143149160 51012NG1453203999999999999999999999 7 0 77204114399999999999999
171179180171153129102 80 68 68 82107138171199217219207183155131118117130 51013NG 135181154022099999999999999 830 66213111699999999999999
152176195203195172139103 73 56 56 73105146187219235229205168130101 88 94 51014NG 3 2203161623599999999999999 932 542211 8799999999999999
119154190217226215184141 98 65 47 50 75117165209239246228190142 98 69 61 51015NG 3592261648247999999999999991021 462248 6199999999999999
 79117164208237244226186137 91 58 45 56 91140190231252247214163109 65 41 51016NG 44724517182549999999999999911 3 452324 3899999999999999
 43 74125180226253253226180129 85 58 53 75117169216247255234188130 76 37 51017NG 5312561747255999999999999991141 522359 2299999999999999
 22 38 81139196239259251217169121 83 65 72103149197234252244209156 97 48 51018NG 6132601813253999999999999991215 64999999999999999999999
 19 17 46 97157209245256239202156114 87 81 99136180218242245223179123 70 51019NG 654256183724799999999999999 033 141246 8099999999999999
 31 14 25 63117172216242243221184144112 98103129166202228237226195148 97 51020NG 733246185923799999999999999 1 7 141314 9799999999999999
 54 27 23 44 85135182216231225200167136117114128156187212225222202166123 51021NG 812232192022699999999999999 140 21134011399999999999999
 81 50 35 41 67105148185209216205182156136127133151174196210212201177144 51022NG 852216194021399999999999999 213 3414 612799999999999999
109 78 57 52 63 87120153181197199188170153142141150165181193197193179157 51023NG 93620020 219899999999999999 250 51143514099999999999999
132106 85 72 71 81101126152173184184177166157153154160168176180180174163 51024NG1033185202818099999999999999 336 70151515299999999999999
148131113 99 89 87 93106125146163173177176171167163161161161161162162160 51025NG12 8177212916299999999999999 446 87182516199999999999999
156149139127114102 95 96105120139156170179182181176168159150144142144150 51026NG1413182999999999999999999999 627 95205614299999999999999
155159159153141124108 96 92 99114135157176189194190179163145131123123132 51027NG 13216015 619499999999999999 751 92212512299999999999999
146161172176168151128105 90 85 94113140167190203205193172146123106102110 51028NG 250176153720699999999999999 851 85215210199999999999999
129153176191192179154124 97 81 79 93120153185208217209186154121 95 81 85 51029NG 33719316 321799999999999999 937 782218 8199999999999999
105136169196210205183150115 87 73 78101136174206224223202167126 90 66 61 51030NG 4162101627226999999999999991015 732245 6099999999999999
 77110151190217225212180140103 78 71 85118160199226234219184138 93 59 42 51031NG 4522251651234999999999999991050 702313 4299999999999999
 49 79124172212235234210171128 92 73 76101142186222239233203156104 60 32 511 1NG 5292371715240999999999999991124 722342 2699999999999999
 27 48 91143193230245234202158116 86 76 90125170211237241220177124 72 34 511 2NG 6 62451741242999999999999991156 76999999999999999999999
 16 23 57108164211240246227189145108 86 87111151194227241232198148 93 46 511 3NG 64424718 724199999999999999 013 151229 8499999999999999
 17 11 31 73127180221242239214174135106 94105136176212233235213172120 69 511 4NG 723244183423799999999999999 045 1013 2 9499999999999999
 31 12 17 45 91142189222235226198162130111109126158192218228220191148 99 511 5NG 8 523519 322899999999999999 119 11133510799999999999999
 56 28 18 30 62105150189214222210185156133122126146173198214215200170130 511 6NG 852222193621699999999999999 156 18141212199999999999999
 89 55 35 32 47 76113151182202207197177156141135141157176192200198183157 511 7NG 948207201720199999999999999 240 31145813599999999999999
124 92 66 50 49 61 84114145172189195190177163151146148156166177182181171 511 8NG1059195212118399999999999999 337 48161414699999999999999
153129104 82 68 63 69 86109136162181191191184172159149143142147156165170 511 9NG1233192232117099999999999999 456 63183414299999999999999
169160144123101 83 73 72 83104130157180195199193179159140125119123135151 51110NG1355199999999999999999999999 632 7120 611999999999999999
166175175163143117 94 77 72 80100129160187205210200177148119 99 91 99119 51111NG 127176144921099999999999999 754 7221 0 9199999999999999
146172190194183159128 99 78 71 79103136171201219219199166127 91 69 64 80 51112NG 248194153022199999999999999 858 712143 6399999999999999
111149184207213199169133100 78 72 84113151188217229220189144 98 60 40 44 51113NG 34721316 522999999999999999 950 712222 3999999999999999
 70113160200224227207172132 99 79 77 96130171207230232211169117 68 32 19 51114NG 4372281637234999999999999991035 7523 0 1999999999999999
 33 71122175215237233207168128 98 83 88114152191222235226192142 87 40 12 51115NG 52223817 7236999999999999991115 822336  799999999999999
  9 34 81138190227242231200160123 97 90104135174209230232210168114 61 21 51116NG 6 42421735234999999999999991151 90999999999999999999999
  2 11 46 99156204234240222188149117100102124158193219230220188141 88 42 51117NG 64524118 223099999999999999 012  11224 9899999999999999
 11  4 23 65119172212233230207173138114106117144176205221221201164117 69 51118NG 723234182822399999999999999 047  3125510699999999999999
 32 12 15 43 87138183214225215189158130115117134161188208214205179141 98 51119NG 8 0225185521499999999999999 121 10132511499999999999999
 59 31 22 34 65108152189210213198173146127121129148172192203201186159124 51120NG 838214192320499999999999999 156 22135512199999999999999
 87 57 39 38 55 86124161189202199183161141129129140157174187191184168143 51121NG 918202195519199999999999999 233 36143012799999999999999
113 85 63 53 57 74102134164184192186172155141134137145157168175175168154 51122NG10 3192203517699999999999999 314 52151413499999999999999
134112 90 75 68 73 89112139163179184179168155145139139143149155159160157 51123NG1058184214616199999999999999 4 4 68163213999999999999999
148134117101 88 82 85 97117140161175181178169158148139134132133138145150 51124NG12 8181235815399999999999999 510 8219 213299999999999999
153150141128113 99 91 91101119141162177183182174160145130119113115123135 51125NG1320184999999999999999999999 627 90201811399999999999999
148157160154141123106 95 93103121145167183191188176156133112 97 91 97112 51126NG 149160141419199999999999999 739 9321 0 9199999999999999
133154170175168151129108 95 93104126153178195200192172143113 87 71 70 84 51127NG 257175145520099999999999999 838 922135 6999999999999999
109140168187192181158131107 93 93109135166192207207190159121 85 59 47 54 51128NG 348192152920999999999999999 928 9122 8 4799999999999999
 78115154187206207189160128102 90 95117150183208217208179138 94 56 32 27 51129NG 43220916 1217999999999999991013 902242 2699999999999999
 45 81127172206223217192157122 98 90102130167200221222201162113 65 28 10 51130NG 5142231633224999999999999991055 902318  999999999999999
 15 44 90143190223233220189150116 95 93113147186215228219188140 86 39  7 512 1NG 55623317 7228999999999999991135 922355 -399999999999999
 -3 12 51104159205233237217181142111 95101128165201225229210170117 64 20 512 2NG 6392381741230999999999999991214 95999999999999999999999
 -5 -7 18 63119172214236233208171134108100113143180211227222196151 98 48 512 3NG 723237181822899999999999999 034 -9125310099999999999999
 10 -8 -1 29 77131181216232223196160128109108126157189213221211180135 85 512 4NG 8 8232185722199999999999999 115 -9133410699999999999999
 40 10 -1 11 44 91141184213223211184152126113117136163190207210196166124 512 5NG 856223194121199999999999999 159 -1141811299999999999999
 79 42 18 13 28 60102146183207212199175148127118122139161182195196182156 512 6NG 946212203519799999999999999 246 12151011899999999999999
120 82 51 33 31 46 75112149180199202190169146129120122133150167178181172 512 7NG1041203214518199999999999999 338 30161911999999999999999
151123 92 67 52 50 63 87119151178194196186167146127116113119132148162170 512 8NG1140197231617099999999999999 438 49174911399999999999999
167154132108 86 72 68 77 97124153177192194185166143121104 96 98111130149 512 9NG1243195999999999999999999999 547 681915 9599999999999999
164169162147125105 89 83 89106130156179193196186164136108 85 73 76 92116 51210NG 057169134219799999999999999 7 1 832020 7399999999999999
143164176175163142120102 94 97113136162185198199185158123 89 62 50 55 77 51211NG 226177143420199999999999999 813 942112 5099999999999999
109143171188190177155130110101104119144170192204201181146105 67 39 30 41 51212NG 336191151920599999999999999 9161002158 3099999999999999
 70110150183202203187161134113104108127153180201209199171130 84 44 19 15 51213NG 43320515592099999999999999910111032241 1499999999999999
 34 72118163197214211191161133112105114136165191209210193157110 63 25  5 51214NG 52021516362129999999999999910571052321  499999999999999
  9 37 81132178210222213187155126109106121147177201213207181139 90 44 11 51215NG 6 222217112139999999999999911381052359 -199999999999999
 -1 12 48 98150193219224207177144118105110130160189208212198165119 70 28 51216NG 6412251744213999999999999991214105999999999999999999999
  3  0 23 65118168205223218195162130110105117143173198210206184146 99 54 51217NG 717223181621199999999999999 036 -2124710499999999999999
 19  3 10 41 87139183212219206178145118105108127155183202207195167127 82 51218NG 751220184820799999999999999 112  2131810499999999999999
 42 16 10 27 64111157194212210190160130110105116138165187199197180149109 51219NG 824214192120099999999999999 146 10134910599999999999999
 69 37 21 25 49 88132172198207197173144120107109124146169185191184163132 51220NG 857207195719199999999999999 219 20142210699999999999999
 96 63 40 33 44 72110149181198198183158133115108114129149166177179169148 51221NG 931200203817999999999999999 253 3315 110899999999999999
119 89 64 50 50 66 94128161184194188171148127113110116129144157165165156 51222NG10 7194213116799999999999999 329 48154911099999999999999
138114 91 72 64 69 86112141167184189180162141124112109112121133145153155 51223NG1048189224415599999999999999 410 64165810999999999999999
149135117 99 86 81 86101124149171183184174157138120108101101108119132144 51224NG1134185999999999999999999999 5 1 81182810099999999999999
150149141127113101 95 99112132154172182182172155134114 97 87 85 91105123 51225NG 021150122818399999999999999 6 7 951946 8499999999999999
140152157153142127114106107118136157174184183172152127102 80 67 64 74 93 51226NG 2 2157132618599999999999999 7251052043 6499999999999999
118143162171170158140123111110120139161179189188173148116 84 59 44 44 59 51227NG 320172142219099999999999999 8381092131 4299999999999999
 86120152177189187171148126112109120142167187197193173140101 64 35 21 26 51228NG 418190151319899999999999999 9401092216 2199999999999999
 48 85127166195207200179150124108107122147176198206197170129 83 42 13  2 51229NG 5 820716 020699999999999999103510623 1  299999999999999
 12 43 88138182212221208180147118103105125156187209214199164116 65 22 -6 51230NG 55422116462159999999999999911231022347-1499999999999999
-13  5 44 97152198226229210176139110 97104130166198218219197156102 49  5 51231NG 63923117322219999999999999912 9 97999999999999999999999
