2005/12/31 00:00            注）必ず前年の12月31日を最初に入れること
-13  5 44 97152198226229210176139110 97104130166198218219197156102 49  5 51231NG 63923117322219999999999999912 9 97999999999999999999999
-20-20  5 52111167211233230204165127101 93106138176208224219192145 89 36 6 1 1NG 722235181822599999999999999 032-231252 9299999999999999
 -5-25-18 15 68127182221236224192150114 91 89109144182211224215183134 78 6 1 2NG 8 423619 622499999999999999 116-261335 8799999999999999
 28 -7-19 -5 34 88145194224231211175134102 85 89113149184209217204171123 6 1 3NG 844231195521799999999999999 158-191418 8499999999999999
 71 28  1 -3 18 60111162201222219194157120 92 81 90115148178199204190158 6 1 4NG 923224204720599999999999999 240 -415 4 8199999999999999
114 70 37 19 23 48 88133174204215204177141109 86 80 89112141167184188175 6 1 5NG10 1215214418999999999999999 320 181554 7999999999999999
147111 78 54 45 54 79113150182201203188161129101 83 77 85104128151167172 6 1 6NG1038204224917299999999999999 4 0 451654 7799999999999999
162141116 92 77 74 84105133161183194191175150122 97 79 72 76 91112134151 6 1 7NG1118195999999999999999999999 444 7418 8 7299999999999999
159156144127112103101109124144165180186181167145119 94 74 63 64 76 96119 6 1 8NG 01215912 618699999999999999 5401011927 6299999999999999
139153157153144133124121124134148163175180177164144117 90 66 51 49 61 83 6 1 9NG 2 015713 918099999999999999 7 41212038 4999999999999999
109135155166168161150139131129135146159171178177166144114 82 54 37 35 49 6 110NG 342168142417999999999999999 8441292138 3499999999999999
 74106138164180183175160143131126130142157172182182169143108 71 41 23 24 6 111NG 44518415301839999999999999910 31262229 2199999999999999
 42 73112150179195195181160139123118124140160179189187169137 97 56 26 11 6 112NG 52919716221909999999999999910581182315 1099999999999999
 16 42 81126167195207200178151127112110122144169189197190165126 81 40 12 6 113NG 6 620717 51979999999999999911381092355  399999999999999
  3 16 50 97146185209212195166135112101106126154181199203188155110 63 24 6 114NG 6382131742204999999999999991211101999999999999999999999
  1  1 25 69120168202216208182148117 97 94108136168194207202179139 90 45 6 115NG 7 8216181620799999999999999 030 -21241 9399999999999999
 11 -2 10 44 94146188213215196162127 99 87 94117150181202208194163118 70 6 116NG 736217184820899999999999999 1 3 -213 9 8799999999999999
 30  6  5 29 72123170203216205176139106 86 84100130163190204202180142 97 6 117NG 8 2216192120699999999999999 133  21337 8299999999999999
 53 22 10 22 56103151190211210188154117 90 79 86110141172193199189161122 6 118NG 827213195419999999999999999 2 0 1014 7 7999999999999999
 79 44 25 26 48 88133174202210197167131100 81 79 93119149174188188172142 6 119NG 853210203119099999999999999 227 221438 7799999999999999
105 70 46 38 50 79118158188204200178146113 88 77 82 99124150169178174156 6 120NG 918205211217899999999999999 254 381512 7799999999999999
127 96 71 57 59 77107142173193198185159128100 82 77 85102123144160166160 6 121NG 94619922 316699999999999999 323 561553 7799999999999999
144121 98 82 76 84103129157179191187170144116 94 80 77 84 98116134148154 6 122NG1017191231015499999999999999 356 761647 7799999999999999
151140124110100 98106122142163178183176158135111 91 79 74 77 88103121136 6 123NG1055183999999999999999999999 441 9818 4 7499999999999999
146149145137128120118121131146161173175169154133111 90 74 65 64 72 87107 6 124NG 054149114817699999999999999 5571181936 6399999999999999
127144155159156148138130128132143156167172169157137113 87 65 50 45 52 70 6 125NG 3 315913 717299999999999999 7531282055 4599999999999999
 95123149169178177165149134125126136151166176177167145115 81 51 30 23 31 6 126NG 419179143517899999999999999 9261242159 2399999999999999
 54 88127162188200194175151128115115128149172188191180152113 71 33  8  1 6 127NG 51020015461929999999999999910311142254  099999999999999
 13 44 89138181209218204176143115101103123153183203207191156108 57 14-12 6 128NG 55221816432089999999999999911211002342-1899999999999999
-17  2 44 99156202228228205167127 97 85 94123162197219221198154 98 42 -3 6 129NG 63123117342239999999999999912 5 85999999999999999999999
-27-26  4 56119177221239229195149106 78 72 90129173211231227198146 85 28 6 130NG 7 9240182223299999999999999 027-301246 7199999999999999
-13-31-20 20 80143198234241218175125 84 61 63 92137183218234225189133 73 6 131NG 74424219 923499999999999999 1 8-321325 5999999999999999
 20-14-21  1 49110169215238231198149100 64 50 62 97144188218228213173119 6 2 1NG 817239195522899999999999999 146-2214 3 5099999999999999
 64 21 -1  4 35 85141190223231212171123 79 52 47 66103147185210214194155 6 2 2NG 848232204121599999999999999 221 -21442 4599999999999999
107 63 34 25 40 75121167202220215187145101 66 47 50 72107144176194193173 6 2 3NG 917221212919699999999999999 253 251523 4699999999999999
139102 72 57 59 79112150182203208193162124 88 62 51 56 77106136160173171 6 2 4NG 944208222217599999999999999 323 551610 5099999999999999
155131107 90 86 94114140166186195190171143112 85 66 57 62 77 99123142153 6 2 5NG1010195233115599999999999999 351 8617 9 5799999999999999
153145132120114115123137154169178180172156134111 90 73 63 63 72 88107125 6 2 6NG1040180999999999999999999999 4231141833 6299999999999999
138144145143140137137141146154161165165160150136118 98 79 65 58 62 74 93 6 2 7NG 143145113016699999999999999 52913720 8 5899999999999999
113131146156160159154149144142144148153157158155145127104 79 59 48 49 61 6 2 8NG 417160135015899999999999999 9 11422126 4799999999999999
 83109135157172177172161147136130130137147158166166155133103 72 48 34 36 6 2 9NG 45917715321679999999999999910271292224 3399999999999999
 53 81116149176190190176156135120114118132151168179178162132 95 59 32 21 6 210NG 52819216261819999999999999911 611423 8 2099999999999999
 28 53 90132169195203192169141117102101114137163184194187161123 79 41 16 6 211NG 55520317 6194999999999999991135 992345 1099999999999999
 11 28 64110156192210206184152119 96 87 95119151181200203187151105 59 23 6 212NG 62121117402049999999999999912 2 87999999999999999999999
  5 11 40 87138182210216199166128 96 78 78 99133169198211205177133 83 39 6 213NG 645217181221299999999999999 017  41228 7599999999999999
 10  4 23 65118168204220211180140101 74 66 79111151187210215197159110 61 6 214NG 7 8220184221599999999999999 045  31253 6699999999999999
 24  7 15 49 99151194218218194154111 76 59 63 89128169200215208180136 87 6 215NG 730221191321599999999999999 111  61319 5899999999999999
 45 19 16 40 83135181212221205169124 84 58 53 70104145182205210194159113 6 216NG 751221194521199999999999999 136 141345 5299999999999999
 70 38 26 39 73120167202218211181139 96 64 49 56 82120158187202198175137 6 217NG 812218201920399999999999999 2 0 261412 4999999999999999
 96 62 44 46 70109152189210211191154111 75 53 50 65 96131163185192182155 6 218NG 833214205519299999999999999 224 421440 4999999999999999
121 88 67 61 74103139174198206195166127 90 63 51 56 76105136161176178165 6 219NG 855206213717999999999999999 248 611511 5199999999999999
141114 92 82 85103130159183196193174143109 79 61 56 64 83107131151163163 6 220NG 920197223016499999999999999 315 811551 5699999999999999
152135118107104111126147167181186177157129102 79 66 62 68 82100119136148 6 221NG 951186235915199999999999999 3481041651 6299999999999999
151148141133128127131139151163172172164148127106 87 73 65 64 71 84101119 6 222NG1036173999999999999999999999 4441271834 6499999999999999
135147154156154150144140140145152159163161152137118 97 77 61 52 52 63 81 6 223NG 25915612 916399999999999999 7291402027 5199999999999999
105131154171179176166151137130130137149161168167156134106 75 49 32 29 40 6 224NG 417179142316999999999999999 9291292145 2899999999999999
 65 99136170193201193171146123111111125146169185189177148109 67 32 10  6 6 225NG 45820115451899999999999999910281092242  599999999999999
 23 57104152193217218198165129100 87 93117152185207211194156105 54 14 -9 6 226NG 5342211643212999999999999991112 872330-1299999999999999
 -9 17 64121176217235225191146103 73 65 81118164204228229203154 96 40 -1 6 227NG 6 82351732232999999999999991151 65999999999999999999999
-20-11 28 85148202236242217171118 73 47 48 77126178220242236201145 83 29 6 228NG 641244181824399999999999999 011-211228 4499999999999999
 -7-17  5 54116177224246236197141 87 45 28 41 82138191230245231190131 72 6 3 1NG 71224619 324599999999999999 049-1713 5 2899999999999999
 25  0  3 37 91151203236241216167109 58 25 20 45 93149198230237216171117 6 3 2NG 741243194623899999999999999 123 -31341 1999999999999999
 66 32 20 37 78130181218235224187134 80 38 17 24 57105156197220219194152 6 3 3NG 8 7235202822399999999999999 155 201416 1699999999999999
106 69 49 52 78119163199221221197155106 61 31 22 37 71114156188202196170 6 3 4NG 831224211220399999999999999 223 481452 2299999999999999
136103 82 76 89117151182203210198169129 88 55 37 36 53 83118150172180172 6 3 5NG 852210215818099999999999999 247 761532 3499999999999999
152129110102107123145168186194190173145113 84 62 51 53 67 89114137153158 6 3 6NG 911195225915899999999999999 3 91021621 5099999999999999
154143132126126133145158170177177168153133112 92 77 68 66 73 87105122136 6 3 7NG 929178999999999999999999999 3291251739 6699999999999999
143146146145145146149153156159160158152144134121107 92 79 72 71 78 92108 6 3 8NG 123146 95016099999999999999 3321451934 7099999999999999
124138150158162162158152147143141142144147148145137121102 82 68 62 66 80 6 3 9NG 42416213551489999999999999910 414121 5 6299999999999999
100123145164175177170157143130123123130141153161162151130102 76 56 48 55 6 310NG 442178153316399999999999999102912222 4 4899999999999999
 73101133162183191185167145124109105112129150169180177159128 93 62 41 36 6 311NG 5 419116201809999999999999910521052247 3699999999999999
 49 78115153184201199181153123100 88 92111139167189196185157117 77 45 28 6 312NG 5262021656196999999999999991116 882321 2799999999999999
 31 55 95139178205211196166129 97 77 74 90121157189207206184145 99 58 30 6 313NG 5482121728209999999999999991140 732351 2299999999999999
 22 38 74122168203218210181140100 71 59 68 98139179208218206172126 79 41 6 314NG 6 921817592189999999999999912 4 58999999999999999999999
 22 28 58104155196220220195154109 71 49 50 74115161199221221196154104 61 6 315NG 630223182922499999999999999 018 211229 4699999999999999
 32 26 47 89140186217226208170122 77 46 36 52 89136181213225213179132 85 6 316NG 65022619 122599999999999999 044 251254 3699999999999999
 49 34 43 77125173210226217185137 89 50 31 36 64109157196219220198158112 6 317NG 710226193322399999999999999 1 9 331319 3099999999999999
 72 49 48 71112159198221221196153104 61 34 28 46 83129172203216207178137 6 318NG 73022420 721699999999999999 133 451345 2799999999999999
 98 70 60 72104146184211218203168122 77 44 29 36 62102144179200204189158 6 319NG 751218204220599999999999999 157 601412 2899999999999999
123 94 79 81102135170197210204179140 96 60 39 35 49 79115149176190188171 6 320NG 812210212319199999999999999 222 771442 3499999999999999
145119101 97106128156181197198184155118 83 57 44 47 63 89118145165175172 6 321NG 836200221517599999999999999 250 961520 4399999999999999
158141126117119129146165180186182165139110 83 65 56 58 70 89110132149159 6 322NG 9 7187234316199999999999999 3231171617 5699999999999999
160156148142138138143151161168171167155136116 96 79 68 64 67 78 95114133 6 323NG 956171999999999999999999999 42513718 2 6499999999999999
148159165165162155148144143146151157159156147133115 94 75 61 56 60 75 97 6 324NG 238166115915999999999999999 74514220 3 5699999999999999
122148169183186179163146131123124134148162170169157134104 74 51 39 41 57 6 325NG 348186142517199999999999999 9211222122 3899999999999999
 86123159189205204186159129107 97102121148174192195180148108 68 37 21 25 6 326NG 4272071540196999999999999991010 962219 2099999999999999
 49 89136180212224212181140102 76 69 84117157194216218196155104 58 24 10 6 327NG 5 12241635220999999999999991050 6923 5 1099999999999999
 20 55105159205232234207162112 70 46 47 75121172214237233203152 96 48 17 6 328NG 5332371723239999999999999991127 432346  999999999999999
 10 30 75132187227244230189133 78 38 21 34 76133189231249238199144 88 43 6 329NG 6 324418 82499999999999999912 4 21999999999999999999999
 20 23 55107164212241242212159 99 46 13  7 34 86147202239249230186132 81 6 330NG 632245185125099999999999999 023 181240  699999999999999
 46 34 50 90143192228242226184126 68 22  0  8 45101160209237239213169121 6 331NG 659242193424299999999999999 057 341315 -199999999999999
 80 58 59 85128174211232229201152 96 45 11  2 21 63117169208226220192152 6 4 1NG 724234201522799999999999999 127 551350  199999999999999
114 87 78 91121159194216222206171123 74 36 14 16 41 82129170199208197171 6 4 2NG 747222205720899999999999999 155 781425 1299999999999999
140114100103121149178199209202180144103 66 40 29 38 62 97134165184187176 6 4 3NG 8 7209214218899999999999999 220 9915 3 2999999999999999
156135122119127145165182192191179156127 97 71 54 50 59 78104132154167168 6 4 4NG 827193223816999999999999999 2441181549 5099999999999999
161150140135137145156166174176171159142122102 85 73 69 73 86104124141152 6 4 5NG 848176999999999999999999999 3121351659 6999999999999999
157156154151149150152154156157156153147139129116102 90 81 79 85 98114131 6 4 6NG 023157 91515799999999999999 4101491846 7999999999999999
145155162165164159153146141138138141144147148143132116 98 84 76 78 89107 6 4 7NG 311165133814899999999999999 9251382019 7699999999999999
127148164175178173160145131121118123133146158164160145123 98 78 68 70 84 6 4 8NG 35017815 816499999999999999 9521182121 6799999999999999
107134160180190187172150127109 99102116137159176181173150120 90 68 58 65 6 4 9NG 4161911555181999999999999991017 9922 6 5899999999999999
 86117151180198201187161130102 84 81 94120151178195196178147110 77 57 53 6 410NG 4392021632198999999999999991042 802243 5299999999999999
 68 99137174201211202175138102 75 63 71 96133171199212203175136 96 65 50 6 411NG 5 121117 62129999999999999911 7 632315 4999999999999999
 55 81121164198217214190151108 72 50 49 70109154193218221202165121 82 56 6 412NG 5232191740223999999999999991133 472344 5099999999999999
 50 68105151191218223205167120 76 44 33 46 81129176212229222192149105 71 6 413NG 5442241813230999999999999991159 33999999999999999999999
 54 61 91136180213227217184136 87 47 25 27 54 99151196225232214177132 92 6 414NG 6 6227184723399999999999999 013 541226 2299999999999999
 67 62 82121166204225224199155103 57 26 16 32 71121171210230226200159118 6 415NG 628228192123199999999999999 041 611253 1699999999999999
 86 71 80109151191218225210173124 74 36 17 20 47 91141185215225213182144 6 416NG 651225195722599999999999999 1 9 711322 1599999999999999
109 88 85104137175205219214187145 96 54 27 19 33 66110154190211213196166 6 417NG 714220203621599999999999999 137 841352 1999999999999999
134109 98105128160189208211195163121 79 46 29 30 49 82121158186200198180 6 418NG 740212212120199999999999999 2 7 981427 2799999999999999
156132117115126147172191200195176144108 74 50 40 45 63 91123153175186184 6 419NG 811200221918799999999999999 2401141511 4099999999999999
171154139131131141155171183186179161136107 81 62 54 57 70 92117142162174 6 420NG 852186234617799999999999999 3261301615 5499999999999999
177171162152145142144151159167171167157139118 97 79 67 63 69 84106130152 6 421NG10 5171999999999999999999999 5 21421752 6399999999999999
169179181175165152141135134140149159164163155138116 93 74 63 62 74 95122 6 422NG 143181122316599999999999999 7351341932 6199999999999999
150174190195188171149128114110118134154171180176160134103 76 58 54 65 89 6 423NG 254195141618099999999999999 8501102047 5399999999999999
123158188207210195167133103 85 83 98125158185201200180146107 74 52 48 62 6 424NG 339211152620399999999999999 938 822145 4799999999999999
 93134175207223218191150107 72 55 59 84125168204222219192151107 71 49 48 6 425NG 4152241621224999999999999991020 532233 4699999999999999
 69108154196225233215175124 75 41 28 42 81132183221238229197150105 69 52 6 426NG 4492331710239999999999999991059 282316 5199999999999999
 58 87131178216237232201150 93 45 15 11 37 86145198234246231193145102 71 6 427NG 5202381756246999999999999991137  92355 6299999999999999
 62 76112158201230239220178121 64 20 -1  6 43 99159209240245223183138100 6 428NG 5502391840246999999999999991215 -2999999999999999999999
 78 78101140183217234229200150 93 41  6 -4 14 58116172215238235209169130 6 429NG 618236192324099999999999999 030 751252 -599999999999999
101 90100128165200223228212174124 71 29  4  5 32 78131180214228218191156 6 430NG 64522920 522899999999999999 1 3 901329  199999999999999
125107106123152183207219213189150103 60 28 14 24 54 97143183207213200174 6 5 1NG 711219204621399999999999999 13410414 6 1499999999999999
146125117123142167190204206193167131 92 59 37 32 46 75112150180196196183 6 5 2NG 738207213019899999999999999 2 41171445 3199999999999999
162142130129138155173187193189174150120 91 66 53 52 66 91121151173184182 6 5 3NG 8 7193222118499999999999999 2361281531 5199999999999999
171157144138139147158168175177171159141119 98 80 70 70 80100124148165174 6 5 4NG 845177232817599999999999999 3181371630 6999999999999999
174168158150146145147151155159161159152141126110 94 84 82 88103123144160 6 5 5NG 957161999999999999999999999 4451451748 8199999999999999
170174171165156148141137136139144150154154149138123106 93 87 90103122143 6 5 6NG 1 1174123615599999999999999 74513619 9 8699999999999999
161174180179170157143129120118123134147158165162151133112 95 86 89103124 6 5 7NG 218180141716599999999999999 8481182016 8699999999999999
148169184190185171150128109 99100112131153171180177161137112 92 84 88106 6 5 8NG 3 3190151618099999999999999 926 9821 9 8399999999999999
132160183197198186162132105 85 78 87108137166188196188166136108 88 81 91 6 5 9NG 33520016 119699999999999999 957 782154 8199999999999999
115146177200209201177143107 78 61 62 81114151185206210194165131101 83 83 6 510NG 4 32091641211999999999999991027 602233 8199999999999999
100131166196214214194159117 79 52 42 54 85127171205222218194158122 94 82 6 511NG 4292161719223999999999999991057 4223 9 8299999999999999
 89115152188214222210178133 88 51 30 31 55 97146190221231219188149113 90 6 512NG 4552221756231999999999999991128 282343 8599999999999999
 85102135174207225222197154105 60 29 17 30 65114165207232234213177138106 6 513NG 52222618342369999999999999912 0 17999999999999999999999
 90 95120158195220227212177128 79 38 15 14 38 81133182218235229202164128 6 514NG 550227191323699999999999999 017 891232 1199999999999999
103 96110141178209225221196154104 58 25 11 20 52 98148192222231218189153 6 515NG 620226195423199999999999999 051 9613 7 1199999999999999
123106107128160192215221209177133 86 46 21 16 32 68113159196219222205177 6 516NG 651222203822399999999999999 1251041345 1599999999999999
146123114121144172198212211193160118 76 44 26 27 47 82123163194211210194 6 517NG 727214212721399999999999999 2 31141427 2499999999999999
169144127124133153176195203198179148111 76 50 37 41 60 91127162189202201 6 518NG 810203222420399999999999999 2471231517 3799999999999999
187166147134131138153170184190186171145114 85 62 51 54 70 96128159183196 6 519NG 9 9190233119899999999999999 3471311619 5199999999999999
196186169151138132134142156169178178169150125 99 78 65 64 76 98127156180 6 520NG1035179999999999999999999999 5171311734 6399999999999999
195198189173153135123118124137154169177175163141116 92 76 72 80100128158 6 521NG 044198122117899999999999999 6561181852 7299999999999999
183200204195175149123104 96101118142166183188180159132105 85 77 84104133 6 522NG 148204135418899999999999999 8 7 9620 3 7799999999999999
164191208211197170136103 79 70 79103136169193204197175144114 91 82 89111 6 523NG 24021215 620499999999999999 9 1 7021 5 8299999999999999
142176203218216194158116 78 52 46 61 95137177207219211186152119 96 88 97 6 524NG 32321916 621999999999999999 947 462159 8899999999999999
122156190215225215185140 92 52 29 28 52 94144189220231220191154122100 95 6 525NG 4 12251659231999999999999991031 252247 9499999999999999
108137172204225227208168118 68 30 12 19 51101155201230237221189153122104 6 526NG 4372291748238999999999999991114 11233110199999999999999
103122153188216229223195149 96 48 15  4 20 60113167211235237216183147120 6 527NG 5122301833239999999999999991155  4999999999999999999999
108114137170201222227212177129 78 34  8  6 30 75129179217235230205172140 6 528NG 546228191623699999999999999 0111081235  499999999999999
119114126153184209223219197159111 64 28 11 17 47 93144189219229218191160 6 529NG 619224195722999999999999999 0471131315 1099999999999999
133119122139166193211217207181141 97 57 29 21 34 67112158195216218203176 6 530NG 653217203622099999999999999 1221181353 2099999999999999
149129123131150174195207207192164127 89 56 37 36 55 88129168197210206188 6 531NG 727209211521199999999999999 1561231433 3499999999999999
164141128128139157177192198193177151118 86 62 50 55 75107142174196202194 6 6 1NG 8 6198215620299999999999999 2321271513 4999999999999999
176155139131133143158172183186180165142115 90 72 65 73 93121152177193195 6 6 2NG 853186224019599999999999999 3161301558 6599999999999999
185169152139133134141151162171174170158140118 98 84 80 88106132158179190 6 6 3NG 958174233019199999999999999 4181321651 8099999999999999
190181166151138131129132140150160166165158144126109 97 93100116139162180 6 6 4NG1128166999999999999999999999 5521291752 9399999999999999
190189180166150134123117118126139152163168164153137120107102108123145167 6 6 5NG 02619113 616899999999999999 721117185810299999999999999
184193191181164144124108100102113131151167176176165147128113107113129151 6 6 6NG 122193142517799999999999999 82010020 210799999999999999
173191198195180158131106 88 81 87104130156178190189176155133116110117135 6 6 7NG 212198152619199999999999999 9 4 81205911099999999999999
159183199205196175145113 85 67 63 75101135168193205202184159133116111121 6 6 8NG 254205161620699999999999999 944 62215011199999999999999
143170194209210194165127 91 62 46 49 70105146183210219211187158131114112 6 6 9NG 33221117 1219999999999999991021 45223611199999999999999
127153183207218211187149106 67 40 30 41 71114160199224229214186153126112 6 610NG 4 921817442309999999999999911 0 30231911199999999999999
115136166197218223208176131 85 47 23 20 39 78127175214235234212179146120 6 611NG 4462231827237999999999999991139 19999999999999999999999
111121147180210226224201161113 66 30 12 16 44 88140189224240232206170138 6 612NG 523228191024099999999999999 0 01111220 1199999999999999
116113129159193219229220191147 97 52 20  8 20 53102154199230239226196160 6 613NG 6 3229195323999999999999999 04011213 2  899999999999999
131115117138170202223227213179134 85 44 17 12 29 67116165206231234216185 6 614NG 645228203823699999999999999 1221131345 1199999999999999
151126115123146177204220221203169124 79 42 22 22 44 82129175210228226205 6 615NG 732223212323099999999999999 2 51151430 1999999999999999
174144123117127149177200213212193160119 79 48 33 38 61 99142181211223217 6 616NG 82521422 922399999999999999 2531171517 3399999999999999
195166139121116126146170190203202186156120 86 61 50 57 80114152186210218 6 617NG 927204225721899999999999999 34911616 7 5099999999999999
208186159134117111118135157178191193181157127 99 78 70 77 98128161190208 6 618NG1039194234621399999999999999 45611117 3 7099999999999999
213202180153128109101105120142165182188182164140116 98 90 96113139168193 6 619NG12 1188999999999999999999999 61110118 5 9099999999999999
207209198176148119 97 85 87102127154176188188176156134116108111125148173 6 620NG 039210132819099999999999999 722 84191410799999999999999
195208208196171140108 81 67 69 86115147175193198189171149131120121134155 6 621NG 133210145119899999999999999 824 66202511999999999999999
178198210209194166130 93 64 49 53 74108145179202210203184160140128127139 6 622NG 22721116 121099999999999999 919 49213212699999999999999
160183203213210191158117 78 48 34 41 67107150187213221212191165142130130 6 623NG 3182141658221999999999999991010 34223012899999999999999
143165189209217211187148104 63 34 24 36 68112159199224229216191162139128 6 624NG 4 62181747230999999999999991058 24232012799999999999999
130147172197215220209179136 90 50 24 19 37 75124172211232232213184154133 6 625NG 4502211830234999999999999991143 18999999999999999999999
124132153180205220221203168123 77 39 19 20 46 89140187221235228203172143 6 626NG 53122319 923599999999999999 0 21241226 1699999999999999
125122136161190213223217194155109 65 32 19 29 62109159201227233217189157 6 627NG 610223194523399999999999999 04012213 5 1999999999999999
131119124143171198216221209181140 95 56 31 27 46 84131177212229224202171 6 628NG 647221201822999999999999999 1141191341 2699999999999999
141122117129152180203216214197165124 84 52 36 42 68108154193218225212185 6 629NG 724217204922599999999999999 1471171415 3699999999999999
155129117119135160185203210204183150112 78 55 49 62 93133173203219216197 6 630NG 8 3210212022099999999999999 2201161448 4899999999999999
169141122115123140163184197200191169138105 79 65 67 86117154187209215205 6 7 1NG 845201215221599999999999999 2571151522 6399999999999999
182155132118116125141161178189189179158131106 87 80 88109138170195209208 6 7 2NG 935190222521099999999999999 3401151558 8099999999999999
193170146126116115123137154169179180171154133113101 99108128154179198206 6 7 3NG103718123 320699999999999999 4341141641 9899999999999999
200183161139122112110116128144160171174169157141126117116124141163184198 6 7 4NG1154174234720299999999999999 544110173711599999999999999
201193177155134116104100105117134153167175175167154141131128135149168186 6 7 5NG1326176999999999999999999999 659100184912899999999999999
197199190173151128107 92 86 91105126149169182186180168153141135139152170 6 7 6NG 040199145318699999999999999 8 4 8620 613599999999999999
187198199190172146119 94 76 70 76 95122151177195201195180161145137139153 6 7 7NG 139200155920199999999999999 9 0 70211513699999999999999
171190202204193171140106 77 58 53 63 88122158190211216207187163143133137 6 7 8NG 239205165221799999999999999 950 53221413399999999999999
153175197210211197168131 92 59 40 37 53 85126169205226229214187159137127 6 7 9NG 3332131738230999999999999991039 3623 512799999999999999
134155182207221219199164120 76 42 23 24 47 87136184221240237215182150127 6 710NG 4242221822241999999999999991127 21235112199999999999999
121133159192218231225199157107 61 26 10 17 47 95150199235249238209171137 6 711NG 51223119 3249999999999999991213 10999999999999999999999
117115134167202229238228196148 95 48 15  4 18 57110167215245251232196156 6 712NG 6 0238194425299999999999999 0351131257  499999999999999
124107112137174210235241226189138 84 40 12  8 30 74130184227250246220180 6 713NG 649241202325299999999999999 1171061340  699999999999999
140111100112142180214235238219179128 78 39 18 23 52 99152200235247235203 6 714NG 73823921 024799999999999999 1591001421 1799999999999999
162125101 96112144180211229229208169121 78 47 36 47 80125172212236239219 6 715NG 830232213724199999999999999 243 9515 0 3699999999999999
184145112 94 94112142175203219217196160120 86 64 61 78110150188218232225 6 716NG 924220221223299999999999999 330 911540 6099999999999999
201167131104 89 91109136166191205203185157126102 89 91108136168197217222 6 717NG1024206224822299999999999999 422 881622 8899999999999999
211186154123 99 86 87102125152176191192180160139123115119133155179199211 6 718NG1135193232921399999999999999 525 85171211599999999999999
211198175147119 96 82 80 91113138163179186182171157145139140149164181196 6 719NG13 6186999999999999999999999 638 80182213899999999999999
204202191171145118 93 76 71 80100126152174187190186175163154151155165178 6 720NG 022204145319199999999999999 752 71195915199999999999999
190198199191173147116 88 67 60 68 88117149176195204201189174160152152160 6 721NG 136200161320499999999999999 9 0 60213015199999999999999
173187198201195176147112 80 57 49 57 81115152185208217212195175156145145 6 722NG 25520117 62179999999999999910 0 49223514499999999999999
154170188203208201179144105 69 46 39 51 81121164200222228216193167146135 6 723NG 3582081747228999999999999991052 39232213499999999999999
136151173196212216205176136 93 57 35 33 52 89136181216234231211181152131 6 724NG 4482171822235999999999999991137 31235912499999999999999
124132154182207222222204168123 79 44 28 33 62107157201230239226197163134 6 725NG 5302241854239999999999999991216 27999999999999999999999
117117134163194218229222195154107 64 35 27 43 82131181219239236212177142 6 726NG 6 7229192224099999999999999 0311151251 2799999999999999
117108117143176207226230215181136 89 52 33 36 64109160204232239224192154 6 727NG 642231194924099999999999999 1 01081322 3199999999999999
122104105124155189216229224201162117 76 48 40 56 93140187221237231205168 6 728NG 716229201423899999999999999 1291021350 4099999999999999
132107 98108134167198218224212183143102 69 53 58 84125170208231233215182 6 729NG 751224203823599999999999999 158 981417 5299999999999999
145114 97 98115144175200214214196165128 95 73 68 83115155193220230221195 6 730NG 82821621 223099999999999999 229 951444 6799999999999999
160126103 94102122150177197206200181151121 97 86 91112144178206222222204 6 731NG 9 9206212822499999999999999 3 2 941512 8599999999999999
174141114 98 96107127151173189195187169145123109106116137165191210217208 6 8 1NG 956195215621799999999999999 340 95154310599999999999999
186157129108 97 98108126146165179184178165148134126127138155176195207207 6 8 2NG1057184223020999999999999999 427 96162412699999999999999
195173147124107 97 97105119137155169176176169160151145145152164179193200 6 8 3NG1224177231720099999999999999 533 96173014599999999999999
197186167145124106 95 91 95107125145162175182182177169161156157164175187 6 8 4NG1430182999999999999999999999 659 91192115699999999999999
194193185169148125104 87 79 80 92112136161182195199194183169158154158168 6 8 5NG 028194155619999999999999999 821 7821 015499999999999999
182193197192177154126 97 74 61 62 76101133167195213218208189168151143148 6 8 6NG 2 0197164821899999999999999 929 6022 814399999999999999
162181199208205188159122 86 57 41 43 61 95137180214233233215187158137129 6 8 7NG 3172091730235999999999999991026 40225912999999999999999
138159187211224220198161115 71 38 22 27 54 98150198234250241213175141119 6 8 8NG 41822518 8250999999999999991117 21234311499999999999999
115131162198227240233204157104 56 22  8 21 58112170220252259239200156120 6 8 9NG 51024118452609999999999999912 2  8999999999999999999999
100103128169211242253240203149 92 43 12  5 27 74134193239263258226179133 6 810NG 559253192026599999999999999 023 981244  499999999999999
 98 84 96132179222251258239195138 81 36 12 16 48102162216253264246205154 6 811NG 647258195326499999999999999 1 3 841323 1099999999999999
108 79 74 95138186227252254229183127 76 39 26 41 81135189233257254225178 6 812NG 734256202525999999999999999 142 721359 2699999999999999
128 88 67 71100143189226245242214169120 79 55 53 77118166210240250235198 6 813NG 822247205425099999999999999 221 651433 5199999999999999
152107 75 63 74105146186217231224197158120 92 80 88115152190221237234211 6 814NG 911231212223899999999999999 3 1 6315 5 8099999999999999
173132 95 72 67 81109144177202212204182154129113111124148176202220225214 6 815NG10 4212214922599999999999999 346 67153711099999999999999
189155121 94 77 74 86108136164184193188175158145139141152168186202210208 6 816NG11 9193222021099999999999999 441 74161413899999999999999
195174148122100 85 81 87103125148167178181177171165162163167175184192195 6 817NG125218123 719599999999999999 555 81172116299999999999999
193184170151130109 92 82 83 93112134155172183188188184178172169169173178 6 818NG1526188999999999999999999999 728 81202216999999999999999
183185183176161140116 93 78 74 82100125152176194204203195182169159156159 6 819NG 1 6185162820599999999999999 850 7322 015699999999999999
167178187192187172146116 87 68 62 71 94125159189211219213196174155143140 6 820NG 3 419217 321999999999999999 954 62224514099999999999999
148164182198205199178145108 76 55 51 66 96135175208227228212185158136125 6 821NG 4 62051733230999999999999991043 51231712499999999999999
128145170195213219206177136 94 61 43 46 70109155197227238227200166136116 6 822NG 44921918 0238999999999999991123 42234511199999999999999
111124151184212228226205166120 77 47 37 50 85133181220241239216179141113 6 823NG 5262301825243999999999999991157 37999999999999999999999
 99105130166202228237226194148100 61 39 41 67112163209238246229194152116 6 824NG 558237184824699999999999999 012 991227 3799999999999999
 93 90109144184218238238216175127 82 51 41 57 95145194231247239208166124 6 825NG 630241191024799999999999999 038 881254 4199999999999999
 93 80 90120161201229240230199154107 70 51 56 84130179220243244220180136 6 826NG 7 2240193124699999999999999 1 4 801320 5099999999999999
 98 77 77 99136178212233234215178134 94 68 63 81119165207235243228194150 6 827NG 734236195224499999999999999 130 741344 6299999999999999
109 81 71 83113152189217229221196158120 91 78 86113153193224238232205165 6 828NG 8 8229201223899999999999999 157 7114 8 7899999999999999
123 90 73 75 95128163194214218205177144115 98 97114145180210228229212179 6 829NG 845219203423199999999999999 225 711433 9599999999999999
140105 82 75 84107138168191205203188164139121114122142169195215221213189 6 830NG 926206205722199999999999999 255 75145911499999999999999
156123 97 82 82 94115140164183192189177160145136136145162182199209208195 6 831NG1017192212621099999999999999 332 80153013599999999999999
171143117 98 89 89 99115134154170178179174166159155156162172183193198194 6 9 1NG113718022 719899999999999999 426 88162115599999999999999
182163142122106 95 92 95106121139156169178182182178174169167169174181186 6 9 2NG1424182233118699999999999999 559 9219 116799999999999999
186180168152133114 97 86 83 89103123146169187198202196185172161157160168 6 9 3NG1551202999999999999999999999 752 8321 515799999999999999
178187189183168146119 92 73 64 68 85112145178205220221207185162144138143 6 9 4NG 149189163322299999999999999 912 6422 313899999999999999
159179198207204186155117 81 54 43 48 72110154196228241233208174142121116 6 9 5NG 31620817 8241999999999999991011 42224711599999999999999
129156189216230225200158109 66 36 25 37 71121174221250255234195151115 94 6 9 6NG 41623117412569999999999999911 0 252326 9299999999999999
 96121161204237251241206154 98 51 22 16 38 84143200244265257221171122 85 6 9 7NG 5 62511813266999999999999991143 15999999999999999999999
 70 83121172221255265247203145 87 42 18 22 56111172226262269245197141 91 6 9 8NG 553265184427099999999999999 0 3 701222 1699999999999999
 59 54 79128185234264268243193134 79 41 28 44 87145202246268259222166109 6 9 9NG 639270191426899999999999999 040 521258 2899999999999999
 64 41 48 84138195240264261229179124 79 52 51 78126179225255260237191134 6 910NG 724266194226299999999999999 117 401332 4899999999999999
 82 46 35 53 95148199237253244210164120 87 75 86118162205237250241208160 6 911NG 8 925420 725199999999999999 154 3514 3 7599999999999999
109 67 42 42 66107154197225235221191155123105105123154189218234234215180 6 912NG 855235203123799999999999999 232 39143110399999999999999
136 95 64 50 56 80116154187208212200177153135129136154178200216221212190 6 913NG 944213205322199999999999999 312 50145812999999999999999
159125 95 74 66 73 92119147172188191184172160153154161173187197203201190 6 914NG1047191211520399999999999999 4 2 66152615299999999999999
172150126106 90 83 85 97115136156170177178176174172172174177180183184182 6 915NG1246178214818499999999999999 516 83162217299999999999999
176166154138122106 95 90 93106123142160174184189189186180173167164164167 6 916NG1536190999999999999999999999 7 5 90212816499999999999999
170172172167155136115 97 86 85 95113136160182197204201190175160148144147 6 917NG 129173161120499999999999999 835 8422 414499999999999999
157169181187183168143115 90 75 74 86110141172198214216204183159138126126 6 918NG 311187163721799999999999999 937 73223112599999999999999
138158180197205197174140106 78 63 66 86118157192218228219195164135114107 6 919NG 4 120517 1228999999999999991022 62225610799999999999999
116139169198216219202169128 91 64 55 66 96138181215234232210175138108 92 6 920NG 4392201724236999999999999991058 552321 9199999999999999
 95117152188218231225197156111 75 54 54 78119166208235241224189147108 83 6 921NG 5122321746242999999999999991129 512346 7799999999999999
 77 94129171210235239221184137 93 63 52 66102149196231246236204159115 81 6 922NG 54324018 7246999999999999991157 52999999999999999999999
 65 73103148193228245238209165118 79 59 61 89134183223245244218174126 85 6 923NG 614245182724899999999999999 011 651224 5799999999999999
 60 57 80121169212239245228190144102 73 66 83121169212240246228190140 94 6 924NG 646246184624799999999999999 036 551249 6599999999999999
 62 49 61 95142189224242237210170127 93 77 84112155198230244234203157109 6 925NG 71824319 624499999999999999 1 1 491314 7699999999999999
 70 49 51 75116162202228236222190151116 95 92110145185218236235212172126 6 926NG 751236192623899999999999999 127 471339 9099999999999999
 85 57 49 62 94134175206224222203172140116106114138172203224229216185144 6 927NG 827225194723099999999999999 153 4914 310699999999999999
103 72 57 59 79111147179202212206186160138124125139163189209219214193161 6 928NG 9 6212201021999999999999999 222 55143012399999999999999
125 93 72 65 73 93120149174191197190175158146141145159176193204205195174 6 929NG 957197203820699999999999999 258 6515 114199999999999999
146118 95 81 77 84 99120142162177183181175167161159162168177185190189181 6 930NG1116183212219199999999999999 349 77155615999999999999999
165145125107 94 87 88 96110128147164176183185183178173167165165169174176 610 1NG1359185231517799999999999999 524 86191916599999999999999
175169157141123105 90 82 83 93111134158179195203201191176160149145149159 610 2NG1519204999999999999999999999 726 81205814599999999999999
172181184178162138110 85 69 65 75 97129163194215223215193165139123119130 610 3NG 152185155822399999999999999 848 65214411999999999999999
151177198208203182147109 75 54 49 63 93135179216237238217181142110 92 94 610 4NG 312208163224099999999999999 946 482223 9099999999999999
117152191220233225195150102 63 40 39 61103154203239253241206157110 76 63 610 5NG 4 723417 3254999999999999991034 3723 1 6399999999999999
 76112161209243254239199146 94 54 35 41 74124180228257259231182125 75 44 610 6NG 4562541734262999999999999991116 342338 3899999999999999
 40 67116175227260266242195138 87 52 41 57 99155208248264251209150 90 44 610 7NG 54226718 4264999999999999991155 40999999999999999999999
 21 29 69128190239267266235185130 85 59 58 85133186231258258230178116 60 610 8NG 627270183226299999999999999 015 201231 5599999999999999
 22 11 32 80141200244264255220172124 89 75 86120166211243254240201146 88 610 9NG 712264185925499999999999999 052 1113 5 7599999999999999
 41 14 15 45 96154205239251236202160123101 99118153192224241239214171119 61010NG 756251192424399999999999999 128 111336 9799999999999999
 71 35 21 31 64112161202227231214184152128119126148178205223228216187147 61011NG 841232194722899999999999999 2 6 2114 511999999999999999
104 67 44 38 53 84123161192209209194172152140139150169189204211207191165 61012NG 92921120 921199999999999999 246 38143313899999999999999
133101 76 61 60 73 97127156178190190181169158154157165176185191192185172 61013NG1029192203319299999999999999 334 5915 715499999999999999
153131110 93 82 80 87103124147165176179178174169167167168169171172171168 61014NG12 7180211217299999999999999 442 79163616799999999999999
162153141126111 98 92 92102118137155170179184184180174166158153151152156 61015NG1430184999999999999999999999 624 9121 215199999999999999
161164163156142125107 94 90 96112132154174188196194185170154139131131138 61016NG 121164152119699999999999999 754 90213213099999999999999
151165176179172154130106 89 83 91109135162187203208199180156132115109116 61017NG 250179155120899999999999999 857 83215810999999999999999
133156178193195183157127 99 81 77 89115147180205217213193164132105 91 93 61018NG 340196161621899999999999999 943 772224 9099999999999999
110139171197211207186152117 88 73 76 97130168202222225208176137102 78 72 61019NG 4182121639226999999999999991021 722250 7299999999999999
 85116155191217225211180141104 78 70 83113154194222233222191149106 73 56 61020NG 45222517 0233999999999999991054 702316 5699999999999999
 62 89131176213233231207168126 92 73 75 99139182217236232206164116 74 48 61021NG 5252351721237999999999999991124 712342 4299999999999999
 43 63103152198230241229196153112 84 75 90124168208234239220180131 83 48 61022NG 5582411743240999999999999991153 75999999999999999999999
 32 42 75124175216240241218179137102 83 86112153195227239229196149 98 56 61023NG 63124418 523999999999999999 0 8 321222 8199999999999999
 31 29 52 95146194228242232202162124 98 90106139180215234233209167117 71 61024NG 7 5242182723799999999999999 035 271250 9099999999999999
 38 26 37 70117165206231234217184147117102106130165200224231217184138 91 61025NG 740236185023199999999999999 1 3 26131710199999999999999
 54 33 32 53 90135177209225221199168138118113126153184210222218195158115 61026NG 818226191522399999999999999 132 30134611399999999999999
 76 48 38 46 71107146181204213205184159137127130146169192208211199174139 61027NG 9 0213194321299999999999999 2 5 37141812699999999999999
102 72 53 49 61 85116148176194199192176158145140145158175189197195182159 61028NG 953199202019799999999999999 245 4915 014099999999999999
130102 79 65 63 73 92116143166182189186177166157152153159168176181180171 61029NG1110189212218199999999999999 340 63161815299999999999999
155135113 93 79 74 77 90109133156174186189186177167157150147150156164170 61030NG1258189233217099999999999999 5 7 74185914799999999999999
170163149131110 91 79 75 82 99124150174192201199187169149133124125136152 61031NG1419201999999999999999999999 650 75202412399999999999999
168179181171151125 98 78 69 73 92120153184206216210190160129106 94 99119 611 1NG 14018115 821699999999999999 810 692112 9499999999999999
147175196203194169134100 74 62 68 91126165200224229213180139100 72 64 77 611 2NG 257203154523099999999999999 911 622154 6499999999999999
109150189217226213180139 99 71 60 69 99141184220239234206160109 66 40 38 611 3NG 35422616202409999999999999910 3 602234 3699999999999999
 63108160206237243224185138 97 70 63 80116162206237246229187131 76 34 14 611 4NG 4452441652246999999999999991048 632313 1399999999999999
 22 59114173222250252226183135 96 74 74 98140186225246243213161101 46  9 611 5NG 5332551723248999999999999991129 712352 -299999999999999
 -2 18 65127187233256250220175131 97 83 92123166207236246230190133 74 25 611 6NG 61925717542469999999999999912 8 83999999999999999999999
 -3 -3 26 79141197236252240207165127102 97114148187220238235209164108 55 611 7NG 7 4252182323999999999999999 031 -71244 9699999999999999
 15 -3  7 43 97153202233240224191155125111115137169201223229217186140 90 611 8NG 748241185222999999999999999 1 9 -3131711099999999999999
 46 17  9 26 64113162201223223205176147128122133155182204215213195164123 611 9NG 832226192121699999999999999 149  9135012299999999999999
 82 48 29 29 49 84126166195209205188165145134135147165184197201194175147 61110NG 917209195320199999999999999 230 26142513299999999999999
114 83 59 47 51 70100134165186195190176160147141144153165176182182175160 61111NG10 7195203118399999999999999 315 4715 814199999999999999
139115 92 74 67 71 86109137161178184181172161152148148151156161165165162 61112NG11 9184214016599999999999999 410 67163014799999999999999
153139122105 91 83 84 95114136157172180180174165156148142139139143148153 61113NG1230181999999999999999999999 522 82192613899999999999999
156155147134119103 93 91 99116136157173182185179169155140127120119126137 61114NG 013156134718599999999999999 642 91203411999999999999999
150160164160147129111 97 93100117139162180191192183166144123106 98101115 61115NG 2 1164143819399999999999999 752 932113 9899999999999999
135155172179173157135112 97 93102121147172192201197181155125 99 81 78 89 61116NG 3 5179151320199999999999999 849 922145 7799999999999999
112141169188194184162134109 94 92106131161188205208196169134 99 72 59 63 61117NG 352194154320999999999999999 936 912215 5899999999999999
 85119156187206206189161129104 91 95115146179204216209185148106 70 47 42 61118NG 4322081610216999999999999991016 902244 4199999999999999
 57 91134175207220213188154121 98 91103130166198218220201166121 77 43 27 61119NG 5 92201636221999999999999991053 912314 2799999999999999
 33 61105153195222228212181144112 94 95116150186214225215185140 91 50 23 61120NG 54622917 3225999999999999991127 922345 1699999999999999
 17 35 74124173212232229205169132105 95105134171204224224202162112 65 29 61121NG 62223417312269999999999999912 1 95999999999999999999999
 11 16 46 92144190223234222192155122102101120154189216225215183137 87 44 61122NG 658234175922599999999999999 017 101233 9999999999999999
 16  9 25 62111161202226228210178143116105112138171202219219199162114 68 61123NG 737230183022299999999999999 050  813 710499999999999999
 32 13 15 39 80127172206222218196165135116112126153183206215207182142 98 61124NG 81722319 321599999999999999 125 11134211199999999999999
 57 29 18 28 55 95139177204214206183156132120122138162186201204192165129 61125NG 9 2214194220599999999999999 2 3 18142211999999999999999
 89 56 35 30 42 70106145177199205195175152134126129143162179190190179155 61126NG 952205203319299999999999999 247 29151212699999999999999
123 90 63 46 44 56 81113146175193198189173153138129130138151165175178170 61127NG1051198214617899999999999999 340 43162712899999999999999
152127 99 76 61 58 67 88116146172189195189174156138126120123133147161169 61128NG1158195232817099999999999999 445 57181012099999999999999
168158139115 92 76 70 75 92118146172190198193177155132112101100110129150 61129NG13 5198999999999999999999999 6 3 701934 9999999999999999
166175171156133109 89 79 81 96120150177196204197178149117 90 74 73 88114 61130NG 11217514 320499999999999999 721 782034 7299999999999999
144171187188175151123 99 86 86100126157186206211200173135 95 63 46 48 70 612 1NG 236190145121199999999999999 830 842123 4499999999999999
106146180202206192164133106 91 90107135168197215216197161114 69 35 20 29 612 2NG 343207153421899999999999999 930 8822 9 2099999999999999
 59105153193218221204172138109 94 96116147181209223217189144 91 44 12  2 612 3NG 4392221613223999999999999991024 932253  299999999999999
 18 58110163206230230208173138110 98104127161195219226211175124 69 23 -5 612 4NG 5302331651226999999999999991111 972336-1099999999999999
 -8 17 64121176216236231205168134109102113141175206224223200158104 51  9 612 5NG 6172371728226999999999999991154102999999999999999999999
-12 -7 26 77135187223236224195159127108107125155188213223214185140 87 38 612 6NG 7 123618 422399999999999999 019-13123310599999999999999
  3-10  4 42 95150195223229212181147120109115137167195213216201168122 73 612 7NG 743230184021799999999999999 1 0-10131010999999999999999
 31  5  1 22 63114163200219216195165135116112124148175197207204184150107 612 8NG 822221191620899999999999999 139  0134511299999999999999
 65 31 15 19 45 86132173201211201178150127115117132154176192196188167135 612 9NG 9 0211195319699999999999999 218 14142011499999999999999
 97 63 38 31 41 69107146179198200187164140123117122137154171181182172152 61210NG 938201203618399999999999999 256 3015 111799999999999999
124 93 67 51 50 64 90124156181192189174154135123119124135148160167167159 61211NG1017193213116899999999999999 336 48155311999999999999999
142120 96 77 67 70 84108136162180186181167149133122118120126136146153155 61212NG11 0186225115599999999999999 420 67171211899999999999999
151139123105 91 84 87100120144165179182176163147131119111108112120132143 61213NG1150182999999999999999999999 514 84185410899999999999999
150150144132118105 98100110128149167179181175162145126109 97 92 95106122 61214NG 036151124718299999999999999 622 9820 6 9299999999999999
139152158155145131117108107116133152170181183176160138114 93 78 73 79 96 61215NG 214158134418499999999999999 7351062056 7399999999999999
119142161171170159141124113110119136157176187187176155127 97 72 57 55 68 61216NG 324172143418899999999999999 8421102137 5499999999999999
 92123153176187183168147126112111121142165184194191173144109 75 49 37 41 61217NG 416187151619499999999999999 9381102215 3699999999999999
 62 96134169193201193172146122109110125150175195201191166129 88 52 28 21 61218NG 45920115552019999999999999910261082252 2099999999999999
 33 64106150187209212197169139115105111132161188205206188154110 66 30 10 61219NG 53921316332089999999999999911 81052329  799999999999999
 10 32 72120167203221216194161130108102115143175201213206180138 89 45 12 61220NG 6182221710213999999999999991148102999999999999999999999
 -2  7 38 85137184216226214185149119101103123155188211217202168120 70 27 61221NG 657226174721799999999999999 0 7 -2122610099999999999999
  0 -7 11 50102155198223225206172136109 98107133168198216215193153103 54 61222NG 736227182721899999999999999 046 -713 4 9899999999999999
 15 -6 -3 23 67120170207225219194158125103 98113143176203214207181138 89 61223NG 81522519 921499999999999999 125 -81343 9799999999999999
 43 11 -2  8 40 86137181211221208179145115 99100119149179200207196168126 61224NG 855221195520799999999999999 2 5 -21425 9799999999999999
 80 40 15 10 26 61106151189211213196166133109 97102121148173191196184157 61225NG 936215204819699999999999999 245  91513 9799999999999999
118 78 46 28 29 48 82123162192207203183154125104 95 99116139162178183173 61226NG1018208215118399999999999999 328 2616 9 9499999999999999
150117 85 60 48 52 71102137169192201194173146119 99 89 91104124146164171 61227NG11 220123 717299999999999999 416 481719 8899999999999999
166149124 99 80 71 75 92118147173190195186166140113 91 78 77 87106130151 61228NG1151195999999999999999999999 511 711838 7699999999999999
163165155138119102 94 95108128152173188191182163136107 81 63 58 67 88115 61229NG 038166124719199999999999999 621 931952 5899999999999999
141161170168156139123112109117133154173187190182162132 98 67 45 38 48 72 61230NG 217171135019199999999999999 7441092055 3899999999999999
104137164180183174157139124118123136155174188192183159125 86 50 27 20 32 61231NG 343184144919299999999999999 9 51182151 2099999999999999
 61100140173194199189168145127118121135156178193197186158117 73 35 10  5 7 1 1NG 44720015471989999999999999910151172244  499999999999999
