2006/12/31 00:00            注）必ず前年の12月31日を最初に入れること
104137164180183174157139124118123136155174188192183159125 86 50 27 20 32 61231NG 343184144919299999999999999 9 51182151 2099999999999999
 61100140173194199189168145127118121135156178193197186158117 73 35 10  5 7 1 1NG 44720015471989999999999999910151172244  499999999999999
 22 57102148186208211196171144123114118136160184200202186152107 59 20 -3 7 1 2NG 53921216372039999999999999911111132332 -699999999999999
 -4 19 62113162200219216195164134113107116139168194208205183143 94 45  7 7 1 3NG 6222201723209999999999999991155107999999999999999999999
-11 -5 26 75130179212224213184150120102102119147179202212204175130 78 31 7 1 4NG 65922418 421299999999999999 015-12123210099999999999999
 -1-12  4 44 97151195220221201167132105 94102126158188208211195160112 62 7 1 5NG 734224184221299999999999999 055-1213 6 9499999999999999
 21 -3 -3 23 69123172207221211182146114 94 91107136168194207203181142 94 7 1 6NG 8 5221191720899999999999999 130 -61338 9099999999999999
 49 17  4 16 50 99149189212214194161125 99 88 94116146174194200190162122 7 1 7NG 833216195320099999999999999 2 2  414 9 8799999999999999
 79 42 21 21 43 82128170200210200173139109 90 87100124151174188188172143 7 1 8NG 9 0210203019099999999999999 231 181441 8699999999999999
106 70 45 35 46 73112153185202201183153122 98 87 90105127150168177172155 7 1 9NG 927204211217799999999999999 259 351517 8699999999999999
128 97 72 57 57 73102137169191198188165137110 93 87 92106125144157163158 7 110NG 95419822 216399999999999999 329 5516 1 8799999999999999
142121 99 82 75 81 99125153176189188174151126105 91 87 91102117133145151 7 111NG1025190231015199999999999999 4 2 751658 8799999999999999
148137123109 99 97104119139160176182177162142121102 90 84 85 93106120134 7 112NG11 3182999999999999999999999 445 961820 8499999999999999
143145141134125118115119130145160172175170156138119100 85 76 74 79 92110 7 113NG 051145115317599999999999999 5541151947 7399999999999999
127141150153149142133127127132144157167171168157139118 95 76 62 58 64 80 7 114NG 25415313 317199999999999999 7371262054 5899999999999999
102126148163169166156142131126129140154167174172161141114 86 61 44 40 50 7 115NG 4 9170142117499999999999999 9 71262149 4099999999999999
 71101133162181187180163143126119123136155172182181167140106 71 42 24 23 7 116NG 45618715251839999999999999910101192236 2199999999999999
 38 68107147180199201187162135116109116136162184195191171136 94 53 21  5 7 117NG 53620316171969999999999999910591092320  499999999999999
  8 32 72120166200215209185152122102 99114142173198209199171127 77 33  1 7 118NG 61221617 3209999999999999991141 98999999999999999999999
-11  1 35 85140187218225209175136104 88 92116152188213219203165113 59 14 7 119NG 648226174721999999999999999 0 1-111219 8799999999999999
-14-18  4 49106163207230227199158117 87 76 89122164201222223199154 98 43 7 120NG 722232183122699999999999999 041-201257 7699999999999999
  1-20-14 19 72132185222234219182136 96 71 69 91131174209225219189139 82 7 121NG 756234191622699999999999999 118-211335 6799999999999999
 32 -3-14  3 45101158203229229202159113 77 61 67 96138179209220209174124 7 122NG 82923220 122099999999999999 154-141414 6099999999999999
 72 29  6  6 33 78131179214227214180135 93 64 56 69101141177202208193158 7 123NG 9 1227204920999999999999999 229  31454 5599999999999999
113 69 38 26 37 68111156193215215193156114 79 58 55 72102137168188191176 7 124NG 931218214119299999999999999 3 2 261538 5499999999999999
145108 77 58 56 72102138172197207198172137101 73 57 57 72 98127153170173 7 125NG10 2207224117499999999999999 336 551630 5599999999999999
161139114 94 85 89104128155178192193180156126 96 73 59 58 68 88112135151 7 126NG1035194999999999999999999999 414 851738 5799999999999999
157153141128118114117128143160174181179167148124 99 77 61 54 59 73 94117 7 127NG 0 3157111718199999999999999 5 411419 7 5499999999999999
136149154153148142137135138145155164170170163150130106 80 59 46 45 57 77 7 128NG 218155123117099999999999999 6511352035 4499999999999999
103129150165171169160150141137138144153163168168159139111 80 52 34 30 41 7 129NG 412171142816999999999999999 9171362146 2999999999999999
 65 97131161181189184169151135126125133148164176180170147112 73 40 19 15 7 130NG 5 518915491809999999999999910341242243 1499999999999999
 30 61101143178199203190167141121110112127150173189192179148105 61 25  5 7 131NG 54220416441939999999999999911191092329  299999999999999
  5 28 68116162197213208185153123102 95106130160187203202180140 91 45 10 7 2 1NG 6142141727205999999999999991154 95999999999999999999999
 -5  4 38 87140185214219202169132101 85 87107140175201212203172124 73 28 7 2 2NG 64422018 421299999999999999 0 8 -51224 8399999999999999
 -1 -6 16 60115167205223214185145107 81 73 87118156190212214195155103 53 7 2 3NG 711223183821699999999999999 042 -71253 7399999999999999
 15 -2  6 41 93147192219221199160118 84 67 70 95133172201214207178132 82 7 2 4NG 735223191021599999999999999 111 -31320 6599999999999999
 38 11  8 31 76129177210222208174131 92 66 61 76109148183205209192156109 7 2 5NG 758222194221099999999999999 137  61346 6099999999999999
 65 32 19 31 65113161198217213186146104 72 57 63 88123159187200195171133 7 2 6NG 819218201420199999999999999 2 2 191413 5799999999999999
 92 57 38 39 63102146185208212194159119 83 61 58 72100134164184189177151 7 2 7NG 840213205018999999999999999 226 361442 5799999999999999
116 83 61 55 67 96134170196206197170134 98 72 60 64 83110138161174174159 7 2 8NG 9 1206212917699999999999999 250 541514 5999999999999999
135108 86 75 79 97125156181196194177147115 87 69 65 73 90112134151160158 7 2 9NG 925197221816199999999999999 315 751551 6499999999999999
145127110 99 97105122145166181186178158131105 85 73 71 78 91107124138146 7 210NG 952186232914799999999999999 342 961643 7199999999999999
146140131122118119126138152165173173163146125105 89 79 74 76 84 96111125 7 211NG1028175999999999999999999999 4211181812 7499999999999999
135142144143141138136137142149157163163156144129112 95 80 70 66 69 80 96 7 212NG 213144113116399999999999999 61313620 4 6699999999999999
114132147158162160153144137136139147155160160153140121 98 76 58 49 50 62 7 213NG 4 9162133016199999999999999 8501352123 4899999999999999
 83110138163178182174159141128122126138154167173169153127 95 63 39 27 30 7 214NG 44918215 81739999999999999910 41222220 2699999999999999
 48 79117155184200198180154128110105115136161182192186164127 85 45 17  5 7 215NG 52220116 919299999999999999105010523 6  599999999999999
 14 42 85134178208218204174138107 89 89108141176202212201168121 69 25 -3 7 216NG 5542181659212999999999999991129 862347-1199999999999999
-10  8 49104159204228226199157114 81 67 77109153194222227208165108 52  8 7 217NG 62623117452289999999999999912 6 67999999999999999999999
-16-14 17 70131187226239223182132 86 56 51 73116167210235234206154 93 38 7 218NG 657239182923899999999999999 025-191242 4999999999999999
 -2-17 -2 41101162211239237206155101 58 36 42 76128180220239231195139 79 7 219NG 727242191324099999999999999 1 1-171318 3599999999999999
 30  0 -2 26 76136190227240222179124 73 37 25 43 85138187222233218177123 7 220NG 756240195723399999999999999 135 -51354 2599999999999999
 71 33 17 28 64115167208231227197149 95 51 26 25 51 95144186213218198158 7 221NG 823233204121999999999999999 2 7 171431 2299999999999999
112 72 48 46 66104149188214221205168121 75 41 26 34 62102143177197196176 7 222NG 849222212919999999999999999 237 441510 2699999999999999
143109 84 74 81105138170196208202179143102 67 44 36 46 70102135161175173 7 223NG 913208222317699999999999999 3 5 741555 3699999999999999
158136116105104115135157177190191180157128 97 72 55 50 56 73 96121141153 7 224NG 937192234115599999999999999 3331031657 5099999999999999
155149140132129132139150162171175172162145126105 85 70 61 60 68 84103122 7 225NG10 7175999999999999999999999 4 41291834 5999999999999999
137146151153153151150149150152155157156153147135120101 81 65 56 57 69 87 7 226NG 310153112215799999999999999 6551492023 5599999999999999
109130150164171171165155145138135137143150157158152136111 84 60 46 43 54 7 227NG 42817214461599999999999999910 21352140 4299999999999999
 77106137164182189182166146129118116123138156170176168146113 78 49 31 30 7 228NG 45818915581769999999999999910421152234 2899999999999999
 47 77115154184201199181155128106 97101119145170189193178147105 65 33 18 7 3 1NG 5242021644193999999999999991111 962315 1899999999999999
 24 50 91137177205212198168133103 83 81 97126160190206203178137 89 47 19 7 3 2NG 5502121721207999999999999991138 802348 1299999999999999
 12 29 67116164201219212184145106 77 65 74103142180208216202167118 70 32 7 3 3NG 61421917552179999999999999912 5 65999999999999999999999
 12 17 48 96148192219222199159115 78 56 56 79119163199219218192148 97 52 7 3 4NG 636224182622299999999999999 018 111230 5399999999999999
 22 16 36 79132180214226211175128 84 54 44 58 94140182212222209173125 77 7 3 5NG 657226185622399999999999999 044 151255 4499999999999999
 40 24 33 67117167206224218188143 95 58 38 43 71114160197217216192150103 7 3 6NG 716225192721999999999999999 1 9 231320 3799999999999999
 63 39 38 62105153194219221199158110 68 40 35 53 89133174203213201170128 7 3 7NG 735223195921399999999999999 133 351345 3499999999999999
 88 60 50 63 97140181209218204171126 82 50 35 42 69108148181200200181149 7 3 8NG 755218203120399999999999999 156 501410 3599999999999999
112 83 68 71 94130167196210205180141 99 64 44 41 57 87122155179189183161 7 3 9NG 81521121 718999999999999999 219 671438 4099999999999999
133106 89 85 98124154181198200184154117 83 58 48 54 73100128153169174165 7 310NG 836201214917499999999999999 242 8515 9 4899999999999999
147126110104108123145167183189183163134104 79 63 59 67 83103125143155158 7 311NG 9 0189224715899999999999999 3 71041550 5999999999999999
152142131124124129140154167175175166148125103 85 74 70 73 83 97113128140 7 312NG 932176999999999999999999999 33812317 1 7099999999999999
147149148145143142143146151157161161155144129113 98 84 75 71 73 82 96113 7 313NG 1 2149103016299999999999999 5 914219 8 7199999999999999
130145157163165160152144139138141148153156153145130111 90 71 59 56 63 80 7 314NG 34116513 315699999999999999 8421382048 5699999999999999
103130155175185183170151133121118125139155168173166147119 87 59 40 35 45 7 315NG 419185145617399999999999999 9481182152 3599999999999999
 69104142176198205193167137111 96 96112139167189197188160120 78 43 21 17 7 316NG 4502051559197999999999999991029 942240 1699999999999999
 35 71117164201221217191152112 82 69 78107147186213220204165115 65 26  6 7 317NG 52022216492219999999999999911 7 692322  499999999999999
  9 38 86141191225235216175125 80 51 45 67110162207234237211163105 52 15 7 318NG 5502351735239999999999999991143 44999999999999999999999
  1 15 56113171217242236202148 92 47 24 30 65120178224248243208153 94 44 7 319NG 620243182024999999999999999 0 1  11219 2299999999999999
 14 11 37 87147200236245223175115 59 20  7 26 73134192233250237196140 85 7 320NG 64924619 425099999999999999 037  81255  699999999999999
 44 25 35 71124178220241234199143 83 33  3  3 33 86146198233241221179128 7 321NG 717242194824299999999999999 111 251331 -199999999999999
 83 54 49 69110158200227233212168112 58 18  1 11 48100153196222223200161 7 322NG 743234203322699999999999999 143 4714 8  199999999999999
120 88 74 80106144181209221213184139 90 47 19 12 29 64109153186203200178 7 323NG 8 8222212020499999999999999 213 731447 1299999999999999
148120102 99112137166190204205189158119 80 49 32 31 48 77112145170181177 7 324NG 831206221418199999999999999 241 991532 2999999999999999
162144128122125138155172185189182166141112 85 64 52 52 63 83107132151160 7 325NG 855189233416299999999999999 3 91221632 5099999999999999
161156148143142145151158165169168162151136118100 84 71 66 69 80 98117135 7 326NG 924169999999999999999999999 34614218 9 6699999999999999
148156160161159156153150148147148149150148144134119101 84 72 67 73 86106 7 327NG 244161115015099999999999999 8441471957 6799999999999999
127147163173176171161148136128126130139149157160152135112 87 68 59 63 78 7 328NG 351176144616099999999999999 9481262113 5999999999999999
102130157178189187173153131114105108120139159174178167143112 81 59 50 57 7 329NG 420189154717899999999999999101710522 4 5099999999999999
 78110145176196201188164134107 89 86 98122151177193193174141103 69 48 43 7 330NG 4462011629195999999999999991044 852244 4399999999999999
 58 89129168197211203178143107 80 68 74 99134170198209200171130 89 56 40 7 331NG 5 921117 4209999999999999991110 672317 3999999999999999
 45 71112156193215215194156114 78 56 54 74111154191215218197159114 74 47 7 4 1NG 5312181737219999999999999991136 522346 4099999999999999
 41 58 95142184214223207172126 83 51 39 51 85131176210226217186142 97 62 7 4 2NG 55222318 92269999999999999912 1 39999999999999999999999
 45 52 82127173208225218187141 93 54 32 33 60104154196223227207168123 82 7 4 3NG 613225184022899999999999999 013 441226 2999999999999999
 57 53 74113160199222223200158108 63 32 23 39 78127175210227219190149106 7 4 4NG 633226191222799999999999999 040 511252 2399999999999999
 74 61 71103146187215224209173125 77 40 22 27 56100148189216221204170130 7 4 5NG 653224194422299999999999999 1 5 611317 2199999999999999
 96 75 75 97133173204219213185143 95 55 30 25 42 77121164196212208185151 7 4 6NG 714219201821399999999999999 130 721344 2499999999999999
118 94 86 97124159190209211193158115 74 44 31 37 61 97136170193201190166 7 4 7NG 735212205420199999999999999 156 861412 3199999999999999
138114101103120147175195203194170134 96 64 45 41 54 79111142168184185174 7 4 8NG 759203213718699999999999999 2221001444 4199999999999999
154134120115123140161179190189176150119 89 66 55 55 68 89114139159171171 7 4 9NG 827191223517299999999999999 2521151527 5399999999999999
164151139132132138150162173178174161140117 94 77 67 67 74 89108129147159 7 410NG 9 6178999999999999999999999 3341311635 6699999999999999
164163159152147144144147153159163162155143126108 91 78 71 72 81 97116137 7 411NG 019165102416399999999999999 5301431824 7099999999999999
155167174173167157145136132134142151159161157145126104 83 68 62 68 83107 7 412NG 227174125416199999999999999 8 913220 2 6299999999999999
134160180191190177156134117109112126146165178179167143112 82 59 50 55 75 7 413NG 323192143718099999999999999 9121082110 4999999999999999
106142176200209200176143111 88 81 91116149180200204188155114 76 49 39 48 7 414NG 4 1209154120599999999999999 956 8122 3 3999999999999999
 75116160198221222201162118 79 56 54 75114160200224225202160112 70 42 35 7 415NG 4342241633227999999999999991035 522250 3499999999999999
 51 88136184220235224188137 86 45 26 33 68121176219243239208159108 66 41 7 416NG 5 62351722244999999999999991114 252332 3899999999999999
 41 66111163208236240214165106 52 15  4 24 71132191234253242205154103 66 7 417NG 53724218 9253999999999999991152  4999999999999999999999
 48 57 91140189226243232194136 75 25 -5 -5 26 81145202240253235195146101 7 418NG 6 8243185525399999999999999 011 481231 -999999999999999
 72 64 82121168209234237214167108 50  7-12 -1 38 95156206237242221181138 7 419NG 638239194124499999999999999 047 641310-1299999999999999
103 84 87112150189218231222190141 85 36  4 -5 14 55109162203226225202168 7 420NG 7 7231202722899999999999999 122 821350 -599999999999999
133109101112138170199216217200166120 74 35 13 13 34 73119162194209204184 7 421NG 736219211521099999999999999 1551011432 1099999999999999
157134120120134156179196204198178147110 73 46 32 35 55 86123157181191186 7 422NG 8 620422 919199999999999999 2291181519 3199999999999999
171154139133137147162175184185178161137110 83 63 53 56 70 94122148167176 7 423NG 841186232017699999999999999 3 81331618 5399999999999999
175167157148145146150156162166167162153138119 99 83 72 71 79 96119141158 7 424NG 938167999999999999999999999 4171451740 7099999999999999
168172170164157150144141141143148152155154147133116 98 84 78 82 95115137 7 425NG 1 4172121415599999999999999 73614019 8 7899999999999999
156170178178171160146133123121125135147158163161148128106 88 79 81 94115 7 426NG 231179141316499999999999999 8531212020 7899999999999999
140163180189186173154132113102101112130151169178175159134107 86 76 79 96 7 427NG 317189151617999999999999999 9321002115 7599999999999999
122151177194199189166138110 89 80 87107135164185194186163133103 81 73 82 7 428NG 34919916 21949999999999999910 4 802159 7399999999999999
105137169194207203182149114 83 65 64 82113149182203206191161126 95 76 74 7 429NG 4162071641207999999999999991033 632236 7399999999999999
 90121157189210213197164124 85 58 47 57 86127169201218213189153116 87 74 7 430NG 44021417172189999999999999911 2 472310 7499999999999999
 81106143180208219210181139 94 58 37 37 60100147189218226212180141105 82 7 5 1NG 5 42191751226999999999999991130 342342 7799999999999999
 78 95128168201220219196156109 66 35 24 38 72120169207228227203166127 96 7 5 2NG 5272221825231999999999999991158 24999999999999999999999
 82 88115153190216223209174128 81 43 22 23 48 92142187219231219189151116 7 5 3NG 551224185923199999999999999 012 811226 1999999999999999
 92 88106139176207222217190148100 57 28 18 32 67113161200223225206172137 7 5 4NG 615223193422799999999999999 042 871255 1899999999999999
108 95102126161194215218202167122 78 42 23 25 48 87133175206219213189157 7 5 5NG 641219201022099999999999999 111 951326 2199999999999999
127108104119147178202213207182144101 63 37 28 39 67105146181204210198174 7 5 6NG 7 9213205021099999999999999 1411031358 2899999999999999
147124113118136162186202204191163127 89 59 41 39 54 82117152180197198186 7 5 7NG 740205213520099999999999999 2131131436 3899999999999999
165143128123131148168185194192176150117 86 62 50 52 67 92122152176189189 7 5 8NG 818195223219199999999999999 2531231523 4999999999999999
179163147136133138150164176182179166145118 93 73 62 62 74 95122148170183 7 5 9NG 914182234618699999999999999 3511321627 6199999999999999
186180167153142135135141151162170172165150129106 85 72 69 76 94118145168 7 510NG1043172999999999999999999999 5321341749 6999999999999999
184190187175158141128121122132147162172173164146122 98 79 71 75 91116145 7 511NG 1 7190123817499999999999999 7191201911 7199999999999999
172191200196180156131109 97 98112135160179188183165137107 84 71 73 90118 7 512NG 212200141018899999999999999 826 962022 7099999999999999
151182204212203179145110 82 69 73 95128164193208204183149114 86 72 74 94 7 513NG 3 0212151920899999999999999 916 682122 7199999999999999
126164197218221204169125 82 52 40 51 84128174209226221196157118 88 74 79 7 514NG 34122216172279999999999999910 1 402215 7499999999999999
103141180213229225197151 99 53 24 17 37 80134186224241232202160120 91 80 7 515NG 4182311710241999999999999991045 1623 3 8099999999999999
 90119159198226235221183129 73 28  2  3 33 84143197235248235201159121 95 7 516NG 45523518 0248999999999999991128 -12348 8899999999999999
 89104138178213234234209164107 52 10 -9  0 37 93154206239248230195155120 7 517NG 5302371849248999999999999991212-10999999999999999999999
101101122157194222234225193144 88 37  2 -9  7 49106163210237240219185149 7 518NG 6 6234193624299999999999999 029 981255 -999999999999999
121109116140173203223227211176127 76 32  5  1 23 66119170209229226205173 7 519NG 642228202323199999999999999 1 91081339 -199999999999999
143123118130154182205217214194159115 71 35 16 19 43 84130173204217211190 7 520NG 72021821 921799999999999999 1471171423 1499999999999999
163140127127141161183199205198178147109 73 46 34 40 64100139174197205197 7 521NG 8 1205215720599999999999999 2271251510 3399999999999999
178156139132134146161176187190183166140109 81 61 53 61 82113146173191194 7 522NG 850190224819599999999999999 31413116 0 5399999999999999
186171154141135136143153164172175171159139115 93 77 71 78 97122150172186 7 523NG 957175234418999999999999999 4201351658 7199999999999999
188181169154142134131133140150159165165158144125106 92 86 91107130153173 7 524NG1134166999999999999999999999 6 413118 3 8699999999999999
185187181169154139126119118125136150161167164153136118103 96100114135158 7 525NG 046188131416799999999999999 73511819 9 9699999999999999
177188191183169149129112102101111128147164175175164146126109101105120142 7 526NG 144191143117699999999999999 832100201010199999999999999
165184195195184164138112 92 82 86102126152175187187174153129111104109126 7 527NG 231196152918999999999999999 915 8221 510499999999999999
151175194202198180152120 91 71 65 76100132164189202198180154129110105114 7 528NG 3 9202161620299999999999999 952 65215310599999999999999
135162188204208195169134 97 68 52 53 72106145181206214205181151125108107 7 529NG 3432081658214999999999999991026 50223510599999999999999
121147177201213208187152111 74 47 38 48 77118162198220222205176144119106 7 530NG 41521317372239999999999999911 0 38231410699999999999999
111132162192212217203172131 88 52 32 30 51 89135180213229223200167135113 7 531NG 4462181814229999999999999991133 28235010699999999999999
107119146179206220216192154108 66 36 23 31 61105153196224231218189155126 7 6 1NG 51722118512329999999999999912 7 22999999999999999999999
109111131162194216222208177133 88 49 25 21 39 76123170208228228208176143 7 6 2NG 549222192923199999999999999 0251081242 2099999999999999
119110120145177205220218196159114 71 38 22 27 52 93140183214227220195163 7 6 3NG 62222120 722899999999999999 0591101317 2199999999999999
134116114131159188210218209182142 99 60 34 26 38 68110154192216222209183 7 6 4NG 658218204722399999999999999 1341131355 2699999999999999
153128117122141168193209211197168129 89 56 36 35 52 84125165197215215199 7 6 5NG 739212213121799999999999999 2131161435 3399999999999999
173146127120127146170191203202187158122 86 59 45 48 67 99136172198211208 7 6 6NG 827204221721299999999999999 2581201520 4499999999999999
191166142126121128144164182193193179154122 91 68 57 62 81111145176199208 7 6 7NG 92919523 820899999999999999 3551211612 5799999999999999
203186162140123117121134152171184187177157129102 81 72 76 93120151180200 7 6 8NG1046187999999999999999999999 5 81171713 7299999999999999
207201183160135116105105117136158177185182166143118 97 87 89103128157183 7 6 9NG 0 2207121318699999999999999 6281041821 8699999999999999
202208201182155126102 87 85 97120148174189192181160135113100 99112134162 7 610NG 058208134119399999999999999 738 841933 9899999999999999
188206212203180148112 82 64 62 77107142175198206198177150126110107118141 7 611NG 15421215 020699999999999999 837 61204210799999999999999
169195212216204176136 95 61 41 41 61 97140180209220213191162135117113124 7 612NG 24521716 722099999999999999 931 38214611399999999999999
147176203219220203168123 77 41 21 25 50 93143188220233224200168139121117 7 613NG 33422217 6233999999999999991022 20224411699999999999999
129155185211225222199159109 60 24  7 15 47 95149197230241229202168139121 7 614NG 4212261759241999999999999991112  7233511899999999999999
120135163194219229221193148 96 47 13  0 13 51103159206236243227197162134 7 615NG 5 622918472439999999999999912 1  0999999999999999999999
120123142172203224230217184137 84 39  8  1 20 62116170214238239219186153 7 616NG 551230193224199999999999999 0211191247  099999999999999
128119127150181208225226209173125 76 34 11 10 35 79132182219235229205172 7 617NG 634228201423699999999999999 1 31191331  799999999999999
142123119133158186210221218197160115 70 36 20 27 56101150192220228216189 7 618NG 718222205222899999999999999 1421191413 1999999999999999
158132119122138163188206213206183148106 69 43 36 49 81123166200218218200 7 619NG 8 2213212822199999999999999 2211191452 3599999999999999
173145126119125142164184198202192170137102 73 56 56 74106144179204213206 7 620NG 84820222 321399999999999999 3 21191530 5499999999999999
186160137122119126141160176187189180159132104 83 74 79 98128160188204206 7 621NG 941190223920799999999999999 34911916 9 7399999999999999
195174151132120117123135151166176178171154133112 97 93100119144171192202 7 622NG1045179231820299999999999999 4481171654 9399999999999999
199186166145128116112115126140156167172168157141124113110117133155177193 7 623NG12 3172999999999999999999999 6 2112174911099999999999999
199194180161141122109102104114130148163172172165152138127123128142161180 7 624NG 0 3199133417399999999999999 717102185712399999999999999
193197191177157135113 97 89 91103123145165179183177165149136130134147164 7 625NG 055197145518399999999999999 818 8820 813099999999999999
182194197191175152125100 82 74 79 95121149174190196190174156140132136149 7 626NG 151197155719699999999999999 9 8 74211313299999999999999
167185198200191171143112 84 65 60 69 92124158187205209199179156138130135 7 627NG 244201164620999999999999999 953 6022 713099999999999999
151172192204205191165131 96 67 50 48 64 94133171202218218202177151132127 7 628NG 3322061728220999999999999991035 47225412699999999999999
135156181202213208188156116 78 50 36 41 64102146187217229222199169142125 7 629NG 41421318 7229999999999999991115 35233512299999999999999
123138164192213220209182143 99 61 35 26 39 71115163204229234219190157131 7 630NG 4552201844235999999999999991155 26999999999999999999999
118123144175204223224207172128 82 45 24 22 43 83133181218237234211177144 7 7 1NG 535226192123999999999999999 0141171234 2099999999999999
120113126154187215229224200160112 67 34 18 26 55101152198229240228198162 7 7 2NG 616229195824099999999999999 0511131312 1899999999999999
130112112131163197221230220190146 98 56 28 21 37 73122171212235237217183 7 7 3NG 659230203423999999999999999 1301091349 2099999999999999
147118106113137170202222226211178133 87 51 31 32 55 96144188221236229203 7 7 4NG 744227211123699999999999999 2 91061427 2999999999999999
167133109103114141173201217219201167124 84 55 43 51 79120163201226231217 7 7 5NG 834220214723299999999999999 25210315 6 4399999999999999
187152121103100114139169194209209191160122 89 67 62 75104141178208225223 7 7 6NG 930211222422699999999999999 339 991547 6299999999999999
203173140113 97 96109132159184199199185158128102 87 86100126158188211219 7 7 7NG103320123 422099999999999999 435 941633 8599999999999999
213191162131106 90 88 99120147172188193183164141121110110121143168192209 7 7 8NG1148193235021399999999999999 541 87173010899999999999999
213204183155125 99 82 76 85105132159180190188176159143131129136152172192 7 7 9NG1319191999999999999999999999 654 76184512999999999999999
205208200181153122 92 71 62 68 89118150176193199192178161148141143155172 7 710NG 047208145619999999999999999 8 5 62201514099999999999999
189202207201182153118 84 58 47 52 74107144178202212209194174156144143152 7 711NG 157207161421399999999999999 911 46213714299999999999999
169188204211206186153113 75 45 32 38 63102145185214227222203178155140138 7 712NG 3 82111713227999999999999991012 32224313799999999999999
148167190209218212190152107 64 33 20 29 59104153197227237228203173147132 7 713NG 4 921818 12379999999999999911 7 20233512999999999999999
130144169196217226218190147 98 53 23 13 27 64114167211238242225194161135 7 714NG 5 32261842243999999999999991156 13999999999999999999999
121125145175205226232218185137 87 43 17 13 35 78133185224244239214179144 7 715NG 550232191924599999999999999 0171201239 1199999999999999
121113124151184214231232213174124 75 37 17 22 53102156203234243228196159 7 716NG 633234195224499999999999999 0551131318 1699999999999999
127109109128160193219231226200159110 66 35 26 42 81131180219238235210174 7 717NG 713232202124099999999999999 1291071352 2699999999999999
138112102111136169199219225213184142 98 62 43 46 71113160201228234220189 7 718NG 752225204823599999999999999 2 21021423 4199999999999999
152121103101117144174199214214197166127 91 67 59 72103144184214229223200 7 719NG 831216211422999999999999999 2341001452 5999999999999999
167134109 99104123149175195204200181152120 94 80 83102133169200219222207 7 720NG 912204213922399999999999999 3 9 991521 7999999999999999
180149121104100108126149170186192186168145121105100108129157185206215210 7 721NG10 019222 721699999999999999 349100155210099999999999999
191164137115103101109125143162175180176163146131122122131149171191204207 7 722NG11 0180224120799999999999999 439101163212199999999999999
197177154131114103101106118135152166173172166156147141140147160175190198 7 723NG1226174232419999999999999999 548100173313999999999999999
197187170150130113101 96 98109125143160171177176171163155152154162174185 7 724NG1423177999999999999999999999 710 95191115299999999999999
192191183169150130110 94 86 87 97116138159177188191186175163155153158169 7 725NG 027193155019199999999999999 824 85204515299999999999999
181190192186173152127103 83 72 73 87109138166190204206197180163150146152 7 726NG 149192164120799999999999999 924 71215314699999999999999
165181194199194177152121 90 67 56 60 78108144180206220217201177154139137 7 727NG 3 21991720221999999999999991016 56224313699999999999999
146165187204211203180147109 74 50 41 50 76115159198225233222197167141126 7 728NG 35821117562339999999999999911 1 41232512599999999999999
128145172199219223210179137 93 56 33 28 45 82130179218241240219185150124 7 729NG 4462241830243999999999999991143 27999999999999999999999
113122148183214233233212173124 76 39 20 23 51 97151201237251240208167130 7 730NG 53023519 325199999999999999 0 31131222 1899999999999999
106103121156196228243237208161108 60 27 15 29 67121177223250253229189145 7 731NG 614244193525599999999999999 0401011258 1599999999999999
109 92 97125167208237247234198147 93 49 24 22 47 94149201239255245211165 7 8 1NG 65824720 725599999999999999 117 911334 1999999999999999
122 91 82 97132175214239244225185133 84 48 32 42 76125177221247250228187 7 8 2NG 743245203725299999999999999 154 8214 8 3299999999999999
141102 79 78100138180215235234211171124 83 58 53 72110156199231245236205 7 8 3NG 83023721 724599999999999999 232 751441 5299999999999999
163120 88 73 78104140178208224220197160122 92 78 83106141180212232234216 7 8 4NG 920225213723699999999999999 314 721516 7899999999999999
183143107 81 72 81105137170196209205185157130111106115137165193215224218 7 8 5NG101620922 822499999999999999 4 1 72155210699999999999999
197166132102 82 74 82101128157180192192180162146135134142158177196209212 7 8 6NG1126194224621299999999999999 5 0 74163913399999999999999
203184158130104 85 76 78 92115141164179185183176167159156159167178189198 7 8 7NG1312186234620099999999999999 618 7518 315699999999999999
199194180160136111 89 74 71 79 99125151173188194194187177168163164169178 7 8 8NG1522195999999999999999999999 747 70202616399999999999999
187193193186170146116 88 67 59 65 84113145175198211211201185168156152156 7 8 9NG 135194163121299999999999999 9 6 5922 015299999999999999
167182195202199182154118 83 57 45 51 74109149186214227223205181158142137 7 810NG 3142021715228999999999999991010 45225313799999999999999
144162185205215212191155112 72 44 32 42 72116163204231239226198167140124 7 811NG 41821617512399999999999999911 3 32233212199999999999999
123138165195219229221193149101 59 32 26 44 83134184224244241217181146119 7 812NG 5 62291822246999999999999991146 25999999999999999999999
107115141176209232238222185136 86 47 25 29 58106160208240249233198157122 7 813NG 548238185124999999999999999 0 61071223 2499999999999999
100 97116151190223241239214170119 72 39 28 45 85137189229249243214172131 7 814NG 625243191725099999999999999 037 961255 2899999999999999
100 87 96125166204232242230197150101 62 40 44 72119171215242247226188144 7 815NG 7 0242194024899999999999999 1 6 871323 3999999999999999
106 84 83103139180214234235214177131 89 61 53 70108156200232244233201159 7 816NG 73423720 224499999999999999 134 811349 5399999999999999
118 89 78 88116154190217228221195156116 85 70 76103144186220238235211173 7 817NG 8 8228202223999999999999999 2 2 781413 7099999999999999
132 99 80 80 98129164193213217203176142111 92 90106137173206227231216186 7 818NG 844217204323299999999999999 230 771438 8899999999999999
148113 89 80 88109138167190203202186162136116108115135163192213223216194 7 819NG 92420421 622399999999999999 3 2 8015 310899999999999999
163130104 89 87 98118141164182190187174156140130130140158179198210210198 7 820NG1013190213321299999999999999 338 86153212999999999999999
175148123104 95 95104119137156170177176169160153149151158170183194199196 7 821NG112317822 719999999999999999 428 94161314999999999999999
183164143125110102 99103113128144158168173174173170167165166171178184187 7 822NG135117523 618799999999999999 550 9918 816599999999999999
185176163148132116104 96 95102114132150167180188190186178169164163167173 7 823NG1549190999999999999999999999 739 95204016299999999999999
180183180172158139118 99 85 80 86101124150175195206206196180163152149155 7 824NG 1 5183163020799999999999999 859 80214914999999999999999
167180191193186169143113 86 68 62 70 92124159192215224217196171148134134 7 825NG 24819417 222499999999999999 956 62223213299999999999999
146167190207211201176140101 69 48 45 60 92134178215236237218186152126114 7 826NG 3502121732239999999999999991042 4423 911499999999999999
121144176207227229212176130 84 49 31 33 59103155204239252240207165127101 7 827NG 43823118 2252999999999999991123 292345 9599999999999999
 96113149191226246243216169116 67 33 21 34 72126183230257258231186138 99 7 828NG 52324718312619999999999999912 0 21999999999999999999999
 78 83113159207243258248211157101 54 26 23 49 98157211251265251211158108 7 829NG 6 625919 126599999999999999 020 771236 2199999999999999
 73 61 78119172221254263244200143 89 49 30 40 77132188235261261232182127 7 830NG 650263192926599999999999999 055 611310 3099999999999999
 80 53 53 81130184229255257232185131 84 55 49 70114166214248259244204151 7 831NG 734260195725999999999999999 131 501343 4899999999999999
 99 61 45 55 90140189228247243214170124 89 73 79108150194229248245219174 7 9 1NG 820249202324999999999999999 2 8 441414 7299999999999999
124 81 53 47 64100145187218232223196160126105100114143178210231236223192 7 9 2NG 9 7232204923799999999999999 246 46144510099999999999999
151109 75 57 57 75107144178202211203183158138128131146169193212221217200 7 9 3NG10 1211211522199999999999999 330 54151612799999999999999
171138106 82 69 69 83107135162182191188178165156153157167180193202204198 7 9 4NG1113191214720499999999999999 427 67155515399999999999999
183162139115 96 83 79 85100122145164177182183180177174173174177181185186 7 9 5NG1334183225718699999999999999 553 7918 117399999999999999
184177166151131111 93 81 79 88106129152172187196198193184174166162162167 7 9 6NG1544198999999999999999999999 740 79212216199999999999999
174181184180168147121 95 76 69 75 93120151179202213212200182163148141144 7 9 7NG 2 3184162521499999999999999 9 3 68221214199999999999999
155172188199199184156122 89 65 56 64 88123161196220228218196167142125121 7 9 8NG 32920016562289999999999999910 2 56224612199999999999999
132154180204217214192156114 77 52 46 61 95138182218237234212179144116103 7 9 9NG 4202181724238999999999999991047 46231610299999999999999
107129162196222233222190146100 63 43 45 71114163207237245229194153116 92 7 910NG 5 12331749245999999999999991125 412344 8699999999999999
 87104138179215238240219178129 84 52 42 56 94144193231249241211167123 89 7 911NG 5372421813249999999999999991156 41999999999999999999999
 74 81111154198231247238207160111 71 49 52 80126177220246248225183135 94 7 912NG 610247183525099999999999999 011 731225 4799999999999999
 68 65 87127174215241246227188140 96 65 57 74113162208239249234198150104 7 913NG 642247185524999999999999999 038 631251 5699999999999999
 70 57 68102147192227243237209166122 87 70 76105149194229245239210165118 7 914NG 714243191424699999999999999 1 3 571315 6999999999999999
 79 57 58 81121166205230236220187147111 88 85104139181217237238218180134 7 915NG 747236193324199999999999999 129 541339 8399999999999999
 93 65 56 69 99140179209225222201168135110100108134169203226233221191151 7 916NG 821226195323399999999999999 155 5614 310099999999999999
110 79 63 65 85117152184205213204182155132118119134160189211222218197165 7 917NG 858213201422299999999999999 223 62142711799999999999999
129 98 77 71 80101129157180195197187170151138134141157177196208209198176 7 918NG 941198203821099999999999999 254 71145313499999999999999
147119 97 85 84 94111132153170181182176167158152153159170182192196193181 7 919NG104118321 819699999999999999 335 83152615299999999999999
162140120105 97 95100111126142157168174175174171169168169171175179181179 7 920NG125417522 418199999999999999 443 95171216899999999999999
172160146131117106 99 97102113128145161175185189188182174166161160164169 7 921NG1519189999999999999999999999 647 97203816099999999999999
173174170160146127108 93 85 86 97116140165187202207201186168151141141150 7 922NG 042174155620799999999999999 824 84213214099999999999999
164178188189179159131103 80 67 69 84111146180208223222205178149127117123 7 923NG 237190162622599999999999999 925 6622 911799999999999999
142168193210212197166128 90 62 50 55 80118163204232241228196157121 98 93 7 924NG 3382131654241999999999999991012 492244 9299999999999999
109142181215234232208167118 75 47 38 52 88137188230252249220175127 88 69 7 925NG 4262361723254999999999999991054 382319 6799999999999999
 74104150199237254246211160106 63 37 36 62109165217252262243199144 92 56 7 926NG 5112551752262999999999999991133 332354 4599999999999999
 45 63107164218255267249206150 96 56 39 48 86140196241264259224169109 60 7 927NG 55526718202669999999999999912 9 38999999999999999999999
 31 31 63118179232264269243195139 90 59 52 74119173222255263242196136 78 7 928NG 640270184826499999999999999 030 271245 5199999999999999
 35 17 30 72131190237262260229181131 92 72 78108154201238256249216164106 7 929NG 724265191525699999999999999 1 6 171318 7199999999999999
 56 24 18 40 86142195234251242211168129102 95110142182218240244226188137 7 930NG 810251194124599999999999999 144 171350 9599999999999999
 87 48 27 30 57100148191221231220193161134120122141169199220230223200163 710 1NG 85823120 723099999999999999 223 25142111999999999999999
121 82 54 42 49 73109147180203209200181161146141148164183200210211200178 710 2NG 953209203421299999999999999 3 8 42145414199999999999999
149118 90 70 62 67 85110139165183190187178168162161166173181188191189181 710 3NG11 919021 919199999999999999 4 6 62153916199999999999999
167148128107 91 81 80 89105127149167179184184181177173170168167168170172 710 4NG1333184232017299999999999999 536 79194916799999999999999
171167159145127108 93 84 85 97116138160179191197194186174161150145146153 710 5NG1512197999999999999999999999 723 83211714599999999999999
163173179176164143118 95 80 78 88110137165190205210202184162141126122129 710 6NG 215179155021099999999999999 841 77215212299999999999999
145166185196194178149117 89 72 71 85113147180207221217198170139114101104 710 7NG 323197161822199999999999999 936 69222110099999999999999
121149179203214207182146109 80 65 69 91126166202225230214183145111 87 81 710 8NG 4 82141644231999999999999991018 642249 8199999999999999
 95125162198222227211178136 97 70 62 75108150192223237228199157115 82 65 710 9NG 44622817 7237999999999999991054 622316 6499999999999999
 71 97138182217236232206165121 85 66 68 93133179217238238214172125 84 57 71010NG 5212381729241999999999999991125 642342 5199999999999999
 52 72111159203234243228193149107 78 69 84119164206235242226188140 92 57 71011NG 5542431750243999999999999991153 69999999999999999999999
 42 51 84132181221243241216176132 96 77 81108150194227242234203156106 65 71012NG 626245181024299999999999999 0 8 411221 7699999999999999
 40 38 61104155201232243231198157118 92 86102137180216237237214173124 78 71013NG 658243183024099999999999999 034 361247 8599999999999999
 46 34 46 80127175213235235214179141111 96103128166202227234220187142 96 71014NG 731238185123499999999999999 1 0 341313 9699999999999999
 60 40 41 64102147188217228220194161131112109125154187214226221197159116 71015NG 8 5228191322799999999999999 127 38133910899999999999999
 78 53 45 56 84122160192212215202177150129121127147174198214215201173136 71016NG 841216193621799999999999999 155 4514 612199999999999999
100 72 57 58 75102134165188201199186166148136135145163183198204199181153 71017NG 92320220 320499999999999999 227 56143613499999999999999
123 95 76 69 74 89112137161179188186177164154148150158169181188189182166 71018NG1020188203819099999999999999 3 7 69151714899999999999999
144121101 87 82 85 96112132152168178180178172165161159160164169173174171 71019NG1155180214917499999999999999 4 9 8217 615999999999999999
161147131114100 91 88 93105122142161176185188185177167157150147150157164 71020NG1358188999999999999999999999 552 88195714799999999999999
169168161147129110 94 84 84 94112137162184198203197182161142128123130144 71021NG 024169145720399999999999999 732 83205412399999999999999
162178185182167142114 90 74 72 84108140173200217218202175143115 98 97112 71022NG 213185153421999999999999999 840 712135 9699999999999999
139170195208205184150113 82 64 63 80112153192221234225196156114 82 67 74 71023NG 31820916 623499999999999999 934 612212 6699999999999999
101142185218232224195152108 74 57 60 86127174215240244221178126 79 47 39 71024NG 4 92321638245999999999999991020 552249 3899999999999999
 57 99153203239251236198149103 69 56 68102150199236252242205150 92 45 18 71025NG 45725117 92539999999999999911 3 562327 1599999999999999
 20 51105167220254261239195144 99 70 65 85127177221249254229181119 60 17 71026NG 5442621739255999999999999991143 64999999999999999999999
 -1 12 55117181232261261233187138 99 78 82110155201236252243208152 90 37 71027NG 631265181025399999999999999 0 6 -11222 7799999999999999
  2 -6 17 67130190235257251220176134104 93105138179217241244225182126 70 71028NG 717258184124699999999999999 045 -71258 9399999999999999
 25  0  2 32 82140193230245234204166133113112130161195222234228202159108 71029NG 8 4245191123499999999999999 126 -3133411099999999999999
 61 26 11 19 51 97146190218227215189160137127132150176199215218206180142 71030NG 854227194421999999999999999 2 9 10141012699999999999999
101 64 39 30 41 69107147181202208198179159145141147161178192199198186164 71031NG 948208202120099999999999999 256 30145214199999999999999
135104 77 58 53 61 83112144170187192187175163154151154161169175179178171 711 1NG1055192211917999999999999999 354 53155715199999999999999
157138116 95 79 72 76 91113138161177185184178169161155150149151155160164 711 2NG1225185233916599999999999999 510 72185614999999999999999
165160148132113 96 85 84 94112135157175186189185175161147136129129136146 711 3NG1354189999999999999999999999 637 83202912899999999999999
158168170163147126106 91 87 94112136160181194197190174152130114106109122 711 4NG 146170144819899999999999999 752 87211210599999999999999
142163179184177158133108 91 86 96116144171193205204189163133106 88 84 95 711 5NG 257184152420799999999999999 851 862146 8499999999999999
119148175194199187162132105 89 87100126158187208214204178143107 79 65 70 711 6NG 347199155321499999999999999 937 852217 6599999999999999
 91125162193211210191160126100 86 90111143177205220216194157115 79 54 49 711 7NG 4282131619221999999999999991017 852246 4899999999999999
 64 98140181211223215188152118 94 87 99127164198220224208174129 86 52 36 711 8NG 5 52231644225999999999999991052 872314 3599999999999999
 42 70113161201226230212178140108 91 92114149186215227219190147 99 58 32 711 9NG 54023117 7227999999999999991125 892343 2699999999999999
 27 46 85134182218235228202165128101 92104134172205225226205166118 71 37 71110NG 6142351732228999999999999991156 92999999999999999999999
 21 28 59105156200228235219187150117 99100122156192218227215183138 90 50 71111NG 647235175622799999999999999 012 201226 9799999999999999
 25 21 40 79127175211230227204170136111103114142177206222219197158112 69 71112NG 721232182222399999999999999 041 19125610299999999999999
 37 23 30 58100146187215225213187155127111112131161191212217205175134 92 71113NG 756225184921799999999999999 110 22132510999999999999999
 56 34 30 46 78119160193212213198172144124117126147174196208205186154116 71114NG 834215191920999999999999999 142 29135711799999999999999
 79 52 39 43 63 95132166192204201184162141128127138158178193198190169139 71115NG 916205195419899999999999999 217 38143412699999999999999
106 76 56 49 57 78107138167187195191176158143134135145159173183184176158 71116NG10 7196204218599999999999999 258 49152413499999999999999
133105 82 66 62 69 87112139164182190186175161148139137141149159168172168 71117NG111119022 017299999999999999 352 61165113799999999999999
155136114 93 78 72 76 91112138162180189189180166150137128126131142154164 71118NG1227190235516799999999999999 5 5 72184712699999999999999
167162148129107 89 79 79 90111137163184196197187168146124108102108123144 71119NG1335198999999999999999999999 629 7820 110299999999999999
163176177167146121 98 83 80 89111140169193206206191164131101 80 74 84109 71120NG 138178142820899999999999999 746 792053 7499999999999999
140170191197187163132104 85 79 90115148181206218212188150108 71 49 46 64 71121NG 253198151121899999999999999 850 792138 4499999999999999
100143183210218205176140107 86 81 94124161196220227213177129 79 40 19 23 71122NG 354218155022899999999999999 946 802222 1899999999999999
 52 98151197227235218183143108 88 85104138177212232231206160104 51 12 -3 71123NG 4482351628234999999999999991036 8423 5 -499999999999999
  9 47103162211240244223185143109 91 94117154194224237227193140 80 28 -7 71124NG 53824617 5237999999999999991123 892349-1799999999999999
-16  4 51112173220246245220180140109 97105133171207231236217176119 61 13 71125NG 62824917432379999999999999912 7 96999999999999999999999
-16-17 10 62123181224244238210171135110104119149185215231227202158103 49 71126NG 716245182123299999999999999 033-20124810499999999999999
  7-14 -8 25 76134186222236225196161131113114132161192214223214186142 92 71127NG 8 323619 022399999999999999 118-15132811199999999999999
 45 11 -2  9 44 92144188216223209182151128118123142167191206209197169130 71128NG 849223194221099999999999999 2 3 -214 911899999999999999
 87 49 23 17 32 65108151187207208193169145128123130146166183192192180156 71129NG 935210203019499999999999999 248 17145412399999999999999
123 88 59 41 40 55 84121156184197195181161142130127132143156168176176166 71130NG1023198213017799999999999999 336 38155212799999999999999
148122 96 74 61 62 76101131160180189186174157141130125126132141151159162 712 1NG1114190225816299999999999999 428 60172212599999999999999
158146128108 90 80 81 92113138162178185182171156140127117113116124136147 712 2NG1210185999999999999999999999 528 7919 611399999999999999
156157151138121105 95 94104122144164179185182171154135116102 95 98109125 712 3NG 043158131018599999999999999 636 942015 9599999999999999
143157164161150134117105103111128149169183188184170148123100 83 76 82 98 712 4NG 21516414 418899999999999999 74410221 3 7699999999999999
122146166176174162142123110107115133155176189193185164136105 78 61 59 71 712 5NG 322177144919399999999999999 8461062142 5899999999999999
 96127157180191186169146124110108119140164185197196181153118 83 56 42 46 712 6NG 412191152619999999999999999 9391072217 4299999999999999
 68101139173197204194171144120107109124149176196204195171136 96 60 36 29 712 7NG 45420416 12049999999999999910241062251 2899999999999999
 42 72114156191211212195167136113104111133162189205206189156114 72 38 20 712 8NG 53221416332089999999999999911 41042324 1899999999999999
 22 45 85131175207221213189157126106103118146177201212203177137 91 50 21 712 9NG 6 822117 52129999999999999911401022358 1199999999999999
 11 24 56102151193218223207177143115102107129161191210212195160115 69 32 71210NG 6432241736214999999999999991214101999999999999999999999
 11 11 33 73122169206223218195162129107102115143176202214207181140 94 51 71211NG 71822418 921499999999999999 031  8124710199999999999999
 20  8 18 48 93142184213221208180146118103106127157187207211196164121 75 71212NG 753221184221299999999999999 1 4  8132010299999999999999
 38 15 12 31 67113159195214214195165133111104114138167192205202182146104 71213NG 829217191920699999999999999 138 11135510499999999999999
 63 32 18 24 49 87131171200211204181151125108107121145171190198190167132 71214NG 9 621220 119899999999999999 213 18143510699999999999999
 92 57 34 28 40 68106146179201206194169142120108110124145167182187178156 71215NG 946206205318799999999999999 251 27152210799999999999999
124 89 60 44 42 57 86121156184199199185161136116106107119137156170176169 71216NG1030201215917699999999999999 334 41162310599999999999999
151123 94 71 59 60 75100132162185197194179156132112100 98106122141158168 71217NG1118197232216899999999999999 425 571741 9799999999999999
166153132108 88 76 77 89112139166186195191176152126103 86 80 86103125148 71218NG1212195999999999999999999999 528 7519 1 8099999999999999
164169163147126107 94 91100119144168187195191175149118 89 67 58 63 83111 71219NG 057169131119699999999999999 644 9120 9 5899999999999999
141165178178166146124108102107123147171190199194175144107 71 44 33 40 65 71220NG 230180141019999999999999999 8 410221 7 3399999999999999
101139172192196185163138118107110126150176196205198175137 92 51 22 10 21 71221NG 34619715 620599999999999999 91710722 1 1099999999999999
 52 96142182207213200174145121109111128154183204212202172128 77 32  1 -8 71222NG 44821315582129999999999999910211082253 -899999999999999
  8 45 96149194220225208178145119107111131161191212218203167117 62 16-14 71223NG 54222616472189999999999999911161062342-2099999999999999
-19  2 47104160205230230208174139113103111136170200219220200159105 49  4 71224NG 63023317342229999999999999912 3103999999999999999999999
-22-21  7 57116173214233227200163128106100115144178207221218192147 92 39 71225NG 715234181922299999999999999 030-25124610099999999999999
 -2-21-14 21 74133185219230217185148116 99100120152184209218209180133 81 71226NG 75623019 321899999999999999 114-221326 9799999999999999
 33 -1-11  4 44 97151195220221200166131106 96104127158186205209195164119 71227NG 833223194520999999999999999 155-1214 4 9699999999999999
 72 32  9  8 31 72122168201215207181148118 99 96108132159182195195178147 71228NG 9 8215202919799999999999999 233  51442 9599999999999999
107 68 39 26 34 61101144180202205190162132108 96 98111132155172181178161 71229NG 940206211518199999999999999 3 8 261523 9599999999999999
133101 71 53 49 63 91126160186197192173147122104 96 99110127145159165162 71230NG1011198221016599999999999999 342 491613 9599999999999999
147125102 82 72 75 91117146172188191180160137115100 93 95103117132145152 71231NG1043191232215299999999999999 417 721719 9399999999999999
