2007/12/31 00:00            注）必ず前年の12月31日を最初に入れることと1月1日を最後に追加すること。
147125102 82 72 75 91117146172188191180160137115100 93 95103117132145152 71231NG1043191232215299999999999999 417 721719 9399999999999999
148139124108 96 91 96111131153171180179167149129110 95 87 86 92103118132 8 1 1NG1121181999999999999999999999 5 0 911840 8699999999999999
141144141132122113110113124140156170175172162145126106 89 77 73 78 90107 8 1 2NG 058144121017599999999999999 6 31101957 7399999999999999
125140149151147138128122121128140154166172170161144123100 79 64 59 65 80 8 1 3NG 249151131717299999999999999 7341212059 5999999999999999
102126147161166162150137126122126138152166173173163144118 90 65 48 44 54 8 1 4NG 4 1166142817499999999999999 8591222148 4499999999999999
 75104134161178182173157137123117122136154171180179166141109 75 48 32 32 8 1 5NG 44918215241819999999999999910 11172232 3099999999999999
 47 76112149178194193178155131114110119139162182191186165133 95 58 30 18 8 1 6NG 52719616101919999999999999910481102312 1799999999999999
 23 47 85128168196207198175145119104105121147175195201189160120 77 39 14 8 1 7NG 6 220716502019999999999999911271022350  799999999999999
  8 22 56101149188211213195164131105 95104128161190207207186150103 58 22 8 1 8NG 63421517282099999999999999912 3 95999999999999999999999
  2  4 29 72123171206220211183147114 92 90108140176204215207178134 84 39 8 1 9NG 7 622018 621599999999999999 025  01237 8899999999999999
  8 -3 10 45 95148192218221202166128 97 83 90116153189212217200163115 65 8 110NG 738223184421799999999999999 058 -31311 8299999999999999
 24  1  1 25 69122171207223215186146109 84 78 94126164196214211187146 96 8 111NG 8 9223192321599999999999999 131 -21346 7799999999999999
 50 17  4 15 49 97147190216220201165125 92 74 77 99134170197208200172129 8 112NG 84022120 620999999999999999 2 3  41423 7399999999999999
 82 43 20 18 39 78124169201216209182144107 80 69 78103137169191198186156 8 113NG 911217205319899999999999999 235 1615 3 6999999999999999
116 76 46 34 41 67106147182205209193162126 93 72 67 78102132160179184172 8 114NG 942209214718499999999999999 3 8 341548 6699999999999999
145111 81 61 57 69 95129162188200196176146113 85 68 64 74 95122147165170 8 115NG1016201225217099999999999999 345 561645 6499999999999999
161141117 95 83 83 96117143168185191183163136107 82 65 59 66 82106130149 8 116NG1055191999999999999999999999 430 821758 5999999999999999
159157146131117109108116131149166178182174158134107 81 61 51 52 65 87113 8 117NG 020159114818299999999999999 5341071924 5099999999999999
137153161160152141131126127134146160171176173161139111 81 55 38 34 45 68 8 118NG 22116213 917699999999999999 7221252045 3499999999999999
 98129156173179173161146133127129139153168178180170148115 78 45 22 15 26 8 119NG 4 0179144218099999999999999 9161272154 1599999999999999
 53 90131166190198191172150130119119130149170187192183156117 72 32  6 -2 8 120NG 5 119815541929999999999999910311182252 -299999999999999
 12 46 92140182208214200173144119106108125152179200206193160112 62 18 -9 8 121NG 54621416512069999999999999911221052341-1599999999999999
-14  7 50104158200223221198164129102 92100126160192213216196156102 48  5 8 122NG 62622517392179999999999999912 4 92999999999999999999999
-19-16 15 66125179217231218186145109 85 82 99133171204221218191144 88 35 8 123NG 7 1231182222399999999999999 024-211240 8099999999999999
 -4-19 -5 35 92151200228229205164122 88 72 78105144182211222211177126 71 8 124NG 73323219 222299999999999999 1 2-191314 7199999999999999
 24 -5 -7 19 67124177215229216182138 98 72 66 82115155189211214195156106 8 125NG 8 2229193921599999999999999 136-101346 6599999999999999
 57 21  5 17 52103155197220219195155112 79 63 67 91126162190203198173133 8 126NG 828223201520499999999999999 2 5  51418 6299999999999999
 89 50 28 27 50 90137179207215201168128 91 67 61 74101133163183189178151 8 127NG 851215205118999999999999999 232 241449 6199999999999999
115 79 54 45 56 85124163192206200177142107 79 64 66 82108135158171171157 8 128NG 913207213117399999999999999 257 451523 6399999999999999
133105 81 68 70 88116148176194195181154122 94 74 67 73 88109130147156154 8 129NG 936197221915799999999999999 322 6716 3 6799999999999999
142124106 92 89 96114137161178185179162137112 90 77 73 77 88104120134141 8 130NG10 3185233014299999999999999 350 891658 7399999999999999
141135126117111111118131147162171173164149130110 94 82 76 76 82 94108121 8 131NG1038173999999999999999999999 4281101828 7599999999999999
131137139137134130129131137146155161162156145131115 99 84 73 68 71 80 95 8 2 1NG 158139113616299999999999999 5581292011 6899999999999999
112128142151154152145138133133138145153157157151139122101 81 64 55 56 67 8 2 2NG 4 2154132715899999999999999 8311322125 5499999999999999
 86110135156169172165151137126123128139152162167162148125 97 70 49 38 41 8 2 3NG 44717215 216799999999999999 9521232218 3899999999999999
 57 85118150175187185169148127113111121139159175181174154122 86 53 30 21 8 2 4NG 519188155918199999999999999104011023 1 2199999999999999
 30 56 93135172196202190164134110 98101120147174193197183152111 69 33 11 8 2 5NG 5492021644197999999999999991117 972337  799999999999999
  9 28 65112159195213209184149115 90 83 96126162193210208184143 94 48 13 8 2 6NG 6172141724212999999999999991151 83999999999999999999999
 -3  5 37 85139186216223205168127 91 72 74 99138179210222211177127 74 28 8 2 7NG 64622418 222299999999999999 011 -31224 7099999999999999
 -1 -7 14 58114168210229222190145100 68 57 71107153195222227206163108 54 8 2 8NG 713230184222899999999999999 043 -81257 5799999999999999
 14 -5  2 37 89146195226231208166117 74 50 49 75119167206226223193144 89 8 2 9NG 741232192222899999999999999 114 -61331 4699999999999999
 41 11  4 25 69123175214230220185137 89 53 39 50 84130176209222210175126 8 210NG 8 823020 322299999999999999 144  314 5 3999999999999999
 76 38 20 27 58105154196220222199157109 67 40 36 55 93137176203209193157 8 211NG 834225204721099999999999999 214 201441 3599999999999999
113 73 48 43 60 94137176205215204174131 88 54 37 40 63 98136169189191173 8 212NG 9 0215213519399999999999999 244 421520 3699999999999999
143108 81 69 73 94125159186201201182150112 77 52 42 47 67 97128155170171 8 213NG 927203223317399999999999999 314 6816 8 4199999999999999
158137115100 96104122145168184189182163136106 78 59 50 52 66 88113135150 8 214NG 958189235915599999999999999 348 961716 4999999999999999
155151141131124123129139152164172174167153134112 89 69 56 52 58 72 93115 8 215NG1042174999999999999999999999 4371231857 5299999999999999
134147154155153148144141142145151157161161156144126103 79 57 45 43 53 74 8 216NG 243156123116199999999999999 7211412038 4299999999999999
100127151168175174165152140132130135144156165169162143114 81 51 31 25 35 8 217NG 419176145216999999999999999 9471302152 2599999999999999
 60 94131164187195188170147126113111121139161179187180156118 76 39 15  9 8 218NG 5 119516 41879999999999999910411102247  999999999999999
 24 57101147185208209192162131105 92 95114144175198206193160113 64 24  1 8 219NG 5352111655206999999999999991119 912331 -399999999999999
  0 25 68121171208222212182143106 81 73 87118156192215217196153100 48 10 8 220NG 6 52221737219999999999999991152 73999999999999999999999
 -7  4 40 93149197225226202161117 80 60 63 89130173208225219187137 81 33 8 221NG 634229181522699999999999999 0 8 -71223 5899999999999999
  3 -2 22 69126179217231217180132 87 56 47 63100146189218226209168116 63 8 222NG 7 0231185022699999999999999 040 -41253 4799999999999999
 24  6 16 53106161204228224195149100 61 41 45 73116162199219217190145 94 8 223NG 723230192422199999999999999 1 9  61321 3999999999999999
 51 24 22 47 92144189219225205165116 72 44 36 53 89134174202212199166122 8 224NG 744226195621299999999999999 135 201348 3699999999999999
 79 47 36 49 84130174206219209177132 88 53 37 43 68106146179197197177143 8 225NG 8 4219202920099999999999999 158 361415 3699999999999999
105 73 56 59 82120160192210207184147105 68 46 41 56 85119152176185178155 8 226NG 82321121 418599999999999999 221 541443 4199999999999999
126 97 78 74 87114147177196200186158121 87 61 49 53 71 97125150165168159 8 227NG 843201214416999999999999999 244 731515 4999999999999999
139118101 93 98114138162181189183164136106 81 65 60 67 82102123140151152 8 228NG 9 6189223715299999999999999 3 8 931555 6099999999999999
144133121114113120133149164173174165147125104 87 76 72 76 85 98113126135 8 229NG 935175999999999999999999999 3351131659 7299999999999999
140139137134132132136142149156160159152140126111 98 87 80 77 79 87 99112 8 3 1NG 024140101916099999999999999 41913219 4 7799999999999999
125136145150151149145140138139143147150149145137124109 93 78 68 66 71 85 8 3 2NG 351151122315099999999999999 8131382049 6699999999999999
103124144160169168160147134125124129139150158159153137115 90 68 53 48 57 8 3 3NG 427170144216099999999999999 9411242151 4899999999999999
 76104135162181187178159137117107108121141161175179168145112 78 50 33 32 8 3 4NG 45318715451799999999999999910231062235 3199999999999999
 48 78117156186202199178147117 94 87 96121152180197197178144101 60 30 16 8 3 5NG 5192031631199999999999999991057 872312 1699999999999999
 23 50 93140183211217199165124 90 69 70 92129170202217210181135 84 41 13 8 3 6NG 5452171712218999999999999991129 672346  699999999999999
  7 25 66119170210228220187140 94 60 47 59 95144190222232215174120 67 26 8 3 7NG 61122917522329999999999999912 2 47999999999999999999999
  5 10 42 94151200230234209162109 62 34 32 58106161208236237210161104 53 8 3 8NG 638236183324099999999999999 019  31235 2999999999999999
 19  9 28 72128182222238225185130 76 34 16 27 66121177219240232197144 90 8 3 9NG 7 4238191424199999999999999 051  913 9 1699999999999999
 46 24 28 59108162206232232204155 98 48 16 10 32 79135186221233218179129 8 310NG 730235195623399999999999999 122 221343  899999999999999
 82 51 42 58 95143187218228213176124 71 30 10 15 45 92143186213217198160 8 311NG 756228204021999999999999999 152 411419  899999999999999
118 84 67 70 93130168199216212188147100 56 27 16 28 59101143177196196177 8 312NG 821217212819999999999999999 222 651458 1699999999999999
147117 96 91101125154180198202190163127 88 56 36 31 43 69102135161175174 8 313NG 846202222717699999999999999 251 901546 3199999999999999
161142125116117128145163178185182169147119 91 68 53 48 55 71 95120141154 8 314NG 915185235915999999999999999 3241151654 4899999999999999
159155148141138139144151158164166164156143126106 87 71 60 58 66 81102123 8 315NG10 1166999999999999999999999 4161381843 5899999999999999
141153160162160156150145142141144148152154151142127105 83 64 53 54 66 87 8 316NG 25616213 115499999999999999 8371412027 5299999999999999
112138160175180176163148132122119125136151163169163145117 86 59 42 40 54 8 317NG 4 018015 316999999999999999 9501192137 3999999999999999
 80114149177194195181158132110 98 98112135160181190181156119 80 48 30 31 8 318NG 43519716 2190999999999999991027 962227 2899999999999999
 51 87129169198210201175140107 83 75 84110144177201207191156111 68 35 22 8 319NG 5 42101647207999999999999991059 7523 7 2199999999999999
 31 61106153193217217194156114 78 58 59 81119161197217215189146 96 54 27 8 320NG 5302201725219999999999999991129 562341 2199999999999999
 22 43 84134181215226210174127 83 51 40 54 89135180213226213177129 80 43 8 321NG 55522618 1226999999999999991157 40999999999999999999999
 26 34 68116167206227221191144 94 54 31 34 61106156198223225202159110 66 8 322NG 618228183422899999999999999 011 251225 2999999999999999
 39 36 58101151195222226204161110 63 32 22 39 78128175210225215183138 93 8 323NG 63922719 722599999999999999 038 341252 2299999999999999
 59 46 57 91137181213225212176128 78 40 21 26 55100148189214217198161119 8 324NG 659225193921999999999999999 1 4 461318 2099999999999999
 82 61 62 85124167201218214187145 97 55 28 23 40 76120163194209202177141 8 325NG 718220201120999999999999999 128 591344 2299999999999999
106 80 73 86116153187208211194159116 74 43 29 35 60 96136170191196183157 8 326NG 739212204519799999999999999 153 731412 2899999999999999
127101 88 92112141172194203194169133 95 63 44 40 53 79111143168181179164 8 327NG 8 1203212318299999999999999 218 871442 3999999999999999
143121106103113134157178190189174147116 86 64 54 56 70 92117141158166163 8 328NG 826191221116699999999999999 2441031519 5399999999999999
152137125119121132146162173177171156133110 89 75 68 71 81 96114132145152 8 329NG 856177233115399999999999999 3141191612 6899999999999999
153148142137135136141148155161162157146131115100 88 81 78 82 91105120134 8 330NG 942162999999999999999999999 4 81351753 7899999999999999
145152155155152147142139139141146150151147140129114 99 86 76 74 80 92110 8 331NG 225156114615199999999999999 7371381948 7499999999999999
130148162171171163150136125121124133145155160157145126104 82 66 61 66 83 8 4 1NG 332172141016099999999999999 9 612121 1 6199999999999999
108136162181189183165141119103 99108127150169180177161133100 71 52 46 57 8 4 2NG 4 4189152018199999999999999 948 992152 4699999999999999
 82116153184202203185155120 92 76 78 98130164191203196170132 91 58 38 37 8 4 3NG 4322051610203999999999999991024 752234 3599999999999999
 56 92136178208219207175132 90 60 49 62 96141184214224209173126 80 46 30 8 4 4NG 5 02191654224999999999999991058 492312 2999999999999999
 37 67113163204228227199153101 56 30 29 55102157204234237213168116 70 39 8 4 5NG 5282311738239999999999999991133 262349 3199999999999999
 31 49 90142191225237221178122 67 25  7 18 58115174221246242209159107 64 8 4 6NG 55623718222489999999999999912 8  6999999999999999999999
 41 44 73120172214237234203150 90 37  2 -5 18 68130188230248236198148100 8 4 7NG 62423919 524899999999999999 025 391245 -699999999999999
 66 54 67103151196226235219177120 62 16 -8 -4 29 83143195230239221183138 8 4 8NG 652236195023999999999999999 059 541322-1099999999999999
 99 76 75 97134176209226223196150 96 45 10 -4  9 45 96149193219222202168 8 4 9NG 721228203722499999999999999 133 7214 2 -499999999999999
132104 93101125158189210215203172129 82 42 16 11 27 61105149183202202184 8 410NG 750216212820599999999999999 2 6 931445 1099999999999999
158133116113124145169189199197181153117 81 51 33 31 45 73107141169183183 8 411NG 822200223018599999999999999 2421131537 3099999999999999
172155140131132140153167177181177164144118 92 69 54 50 59 78103130153167 8 412NG 9 2181235917299999999999999 3261311649 5099999999999999
172168160151145143144148153158161161156145129109 89 73 64 65 76 96119142 8 413NG1028162999999999999999999999 5 81431825 6399999999999999
159170173170162153143135131132138146154158156146128106 84 69 64 71 89114 8 414NG 157173131615899999999999999 8181311954 6499999999999999
139162178184180168150131116108110121138156169173164143115 87 68 60 67 88 8 415NG 3 7184144817399999999999999 91710821 1 6099999999999999
116147174192196185163135109 91 85 93114141167185189176149115 84 63 57 68 8 416NG 346196154519099999999999999 955 852151 5699999999999999
 94129164192206202180147112 82 66 67 85116152183202202181147109 77 58 57 8 417NG 4172061629204999999999999991028 642231 5599999999999999
 76110149185208213197164122 83 56 46 57 88129170201215207178139 99 70 57 8 418NG 44521417 8215999999999999991058 4623 7 5799999999999999
 66 94133174205219211181138 93 55 34 35 60101148189216222204168126 89 66 8 419NG 5 92191744223999999999999991127 322338 6199999999999999
 63 82118160197218219197156108 63 32 22 36 72120169206225220194154113 82 8 420NG 5322221818226999999999999991156 22999999999999999999999
 68 76105146185213222209174126 78 39 18 21 48 92143188218226211178138102 8 421NG 555222185122699999999999999 0 8 681224 1699999999999999
 79 77 96132172204220215189146 97 54 24 16 31 67115163201221219196161124 8 422NG 617221192522399999999999999 037 751252 1599999999999999
 95 83 92120157191213217199164118 73 38 20 24 49 90136177206216205178144 8 423NG 640218195821699999999999999 1 4 831321 1999999999999999
114 95 94112143176202212204178139 96 59 34 27 40 70110151184203204188161 8 424NG 7 5212203420699999999999999 132 921351 2799999999999999
133111102110132161187202202186156119 82 54 39 41 59 89125158183194190173 8 425NG 732204211319499999999999999 2 11021423 3899999999999999
150128115114127147170187194188168139106 78 58 50 57 76102132158176182177 8 426NG 8 219422 018299999999999999 23311315 2 5099999999999999
162145131124127138154169179181172154129104 82 68 64 70 86108132153168173 8 427NG 84118123 417399999999999999 3131241552 6499999999999999
169160149139134135141150160166168161148129110 92 79 74 77 89106127147162 8 428NG 941168999999999999999999999 42113417 7 7499999999999999
170171165157147138133133137145153159158152139122104 88 79 78 86102123144 8 429NG 036171112915999999999999999 6361321838 7799999999999999
163175180176164149133120115118129144157165165155136114 93 78 73 80 97122 8 430NG 2 1180132616699999999999999 8 81151956 7399999999999999
149172188193185166141116 97 91 97116141165180184173150121 93 74 67 75 97 8 5 1NG 253193144518499999999999999 9 0 912057 6799999999999999
128160188204204188157121 89 68 64 79109146179201205190160123 90 69 63 76 8 5 2NG 332206154420699999999999999 942 642149 6399999999999999
104141179207219210181138 94 58 38 41 67110157198222224203165123 88 66 65 8 5 3NG 4 62191635226999999999999991022 372236 6399999999999999
 83119161199223227206165112 63 27 13 26 64117172216239236208166121 86 68 8 5 4NG 44022817242419999999999999911 2 132319 6799999999999999
 73 99140183217234226194142 84 35  3 -3 20 68128186229248240207162119 88 8 5 5NG 5132351812249999999999999991143 -5999999999999999999999
 76 87119162202229236217175118 60 14-11 -9 24 78140196235249235200156117 8 5 6NG 546236185924999999999999999 0 1 761225-1499999999999999
 93 88107142182215233229202154 97 44  4-14 -3 35 90150201233241224189150 8 5 7NG 621234194824299999999999999 041 8713 8-1499999999999999
118101104127160194218227216184137 84 37  5 -4 12 50102155199225228209178 8 5 8NG 657227203722999999999999999 1211001353 -599999999999999
146122113121143171197213214199168125 80 41 17 13 30 66112157192212212195 8 5 9NG 736216212921499999999999999 2 21131441 1299999999999999
169144128124133152173190200198183156121 84 53 35 33 49 80118155184199198 8 510NG 822201222620099999999999999 2461241535 3299999999999999
184164146134132138150164176183182171151124 95 70 55 53 66 90121152176189 8 511NG 924184233119099999999999999 3451321638 5299999999999999
189179164149138133134140149159167170165152132109 87 73 69 77 97123150172 8 512NG1058170999999999999999999999 5221331749 6899999999999999
184186179166151137126121122130142155164166160144123102 86 79 85102126152 8 513NG 042187124716699999999999999 71612119 1 7999999999999999
173186189182167147127111102103113130149165173170156134111 93 86 91108132 8 514NG 148189141517499999999999999 82510120 6 8599999999999999
158179192194183163136110 90 81 85102126152174185182165141115 96 89 96115 8 515NG 239195151818599999999999999 911 8121 2 8999999999999999
141168190200197180151118 88 68 63 74 98131163187198191170142115 96 92102 8 516NG 31820116 819899999999999999 950 622149 9199999999999999
125154182201206195168132 95 65 48 50 70104143178202209196170139111 95 95 8 517NG 3512071650209999999999999991024 472231 9399999999999999
111139170196210207186150109 70 44 35 46 76118161196216215196165132107 95 8 518NG 4202111729218999999999999991057 3523 8 9599999999999999
102125156187209214201170128 84 49 29 29 51 90136180211224215189155123102 8 519NG 44821518 5224999999999999991129 262343 9799999999999999
 98113142175202216212188149104 62 33 21 32 64109156197222226209178144115 8 520NG 51621718402279999999999999912 1 21999999999999999999999
101105128160192213218203170127 82 46 24 23 44 82129175209225220197164132 8 521NG 544218191522699999999999999 0161001233 2199999999999999
109104117145177204217212188150106 66 36 24 32 61103148189215222209182150 8 522NG 614218195022299999999999999 04810313 6 2499999999999999
123108111131161190210214201171131 90 55 34 31 47 80122164196214213195167 8 523NG 645215202721699999999999999 1201071339 3099999999999999
139118112122145173197209205186154115 79 51 38 43 65 99138173199209202182 8 524NG 71820921 520999999999999999 1531121414 3899999999999999
156132119119133155178195201193171140105 74 54 48 58 82114149178197201192 8 525NG 756201214720299999999999999 2291171453 4899999999999999
172149131122125139158176188191181160131101 76 61 59 71 95125155180194195 8 526NG 842191223619699999999999999 3141221537 5899999999999999
185166147132125127137152167178181173154130104 83 71 71 82104131158180192 8 527NG 946181233119499999999999999 4161241632 6999999999999999
193182165147131122120127140155168174170157136114 94 82 80 90109135161182 8 528NG11 9174999999999999999999999 5401201738 7999999999999999
193194184166145125110105109123142161174176167150127106 91 87 95113139165 8 529NG 032195124317799999999999999 7 31051851 8799999999999999
186198199187165137110 91 82 88106133160180188184166142117 99 92 98117144 8 530NG 13120014 818999999999999999 8 6 8220 1 9299999999999999
172194207205188159123 90 66 57 67 92128163191205202183155126105 96102122 8 531NG 223208151920699999999999999 859 5721 6 9699999999999999
151182205216210186148104 65 40 33 49 83127171205222219197165132109100107 8 6 1NG 310216162022499999999999999 948 3322 410099999999999999
130162194216224211179133 83 42 17 14 36 79131182219237231206170136112103 8 6 2NG 3542241715238999999999999991036 12225710399999999999999
114140174206226229209169117 64 23  0  3 31 81139192230246237208170136113 8 6 3NG 43723018 7246999999999999991125 -2234610799999999999999
108122152187217233229203158103 50 10 -9 -1 34 88148201237249236204166133 8 6 4NG 5202341858249999999999999991213 -9999999999999999999999
114113132163197223234225195147 92 42  6 -8  5 44 99157207238245228195159 8 6 5NG 6 5234194624699999999999999 03311113 1 -899999999999999
130115119141172203224230218185138 86 40  9  1 19 59112166210235236216184 8 6 6NG 651231203323899999999999999 1171141349  099999999999999
151126117125148176203219222207174130 83 44 19 17 38 78127174210228224202 8 6 7NG 739223211822999999999999999 2 21171436 1599999999999999
171143124119129150175196209209194165125 85 53 36 38 61 98141181208219210 8 6 8NG 83221122 221999999999999999 2481191523 3499999999999999
188161137122120129147167184195195182157124 92 67 56 62 84117154185205209 8 6 9NG 931197224521099999999999999 34111916 9 5699999999999999
198177153133120118125138155170181182173153127102 84 77 84105133163187201 8 610NG1039183233020299999999999999 4451171659 7799999999999999
201189169147128116111115126141157169174169155135115101 96103121145169188 8 611NG1159174999999999999999999999 6 31111755 9699999999999999
197195183164142122107100101112129147163171171161146128115111116131152173 8 612NG 018198132717299999999999999 719 99185811199999999999999
189195192179159135112 94 85 87100120143163176179172157139125120124138157 8 613NG 111196144617999999999999999 819 8520 412099999999999999
177191196191176152125 98 79 70 75 93118146171187191183165146130123128142 8 614NG 2 3196154819199999999999999 9 8 7021 712399999999999999
162181195199191171143111 82 63 57 67 91123156184201203191169147130123130 8 615NG 252199163720499999999999999 951 5722 012399999999999999
146168189201202189163129 94 65 48 48 65 96134171200214211193168143126122 8 616NG 3352041719215999999999999991031 46224612199999999999999
132153178198209204184152113 77 50 38 44 69107150188215223214190160135120 8 617NG 41420917572249999999999999911 9 38232611999999999999999
121137163190209214203176138 97 61 38 32 47 80123168205226227209180149125 8 618NG 4502151833229999999999999991147 32999999999999999999999
116124147176203218216197163121 80 48 30 33 56 96142186218231224199167137 8 619NG 52621919 823199999999999999 0 31161223 2999999999999999
117115131159190214223214187148105 65 38 29 40 72116162202226230215185152 8 620NG 6 1223194223199999999999999 0371141258 2999999999999999
125113118141172201220222206173132 89 54 34 34 54 91137181214229224201169 8 621NG 637223201523099999999999999 1111121332 3199999999999999
138117112125152183208220216194158116 76 48 37 45 73113157195220227214186 8 622NG 715221204922799999999999999 14611114 5 3699999999999999
154127112114132160188208215206180143103 69 49 46 62 94135174206222220201 8 623NG 756215212422499999999999999 2231111439 4599999999999999
172141119110117136162187203207195168132 97 70 57 61 82115153187211220211 8 624NG 84420722 022099999999999999 3 51101516 5699999999999999
188159132113108116135159181195198185160128 99 78 71 79101133166195212214 8 625NG 940198223921599999999999999 3541081557 7199999999999999
201177149124107102110127149171187190180159133108 92 88 97118146175198210 8 626NG1047191232321199999999999999 4541021648 8899999999999999
209194170142117 99 92 97113137161179187182166145124110106113131155179199 8 627NG12 6187999999999999999999999 6 4 92175110699999999999999
208205189165136108 87 77 81 97122151175188190180162143128121125138159181 8 628NG 014208133719199999999999999 715 7719 912199999999999999
199207204189163130 98 72 59 61 79109143174195203198181161142131131141160 8 629NG 11520815 520399999999999999 822 58203213099999999999999
182201211208192162124 86 56 40 42 63 98139177206219215198174151136132141 8 630NG 220211161722099999999999999 923 39214713299999999999999
161185206217215196162118 75 41 23 26 50 91139185218234230209180152134129 8 7 1NG 3222181716235999999999999991021 21224912999999999999999
139162189213226223200161112 64 27  9 14 44 91145196231246238212178148128 8 7 2NG 41922718 8246999999999999991117  8234312499999999999999
125138165197223235229202157104 54 17  1 10 46 99157208242252238207170138 8 7 3NG 51323618542529999999999999912 8  0999999999999999999999
120120139171205230241231200151 96 47 12  0 16 57114172220249251230194156 8 7 4NG 6 3241193625399999999999999 0291181256  099999999999999
126112118143177211234241227193143 89 42 13  9 32 78135189230249243215176 8 7 5NG 652241201525099999999999999 1121121339  799999999999999
140114107119147182212232235217181132 83 43 23 28 58105158204235243228195 8 7 6NG 739236205024499999999999999 1531071419 2299999999999999
157125106105122151183209224223202166122 81 52 42 55 89134179215234231209 8 7 7NG 826226212323599999999999999 2331031455 4299999999999999
175140114102106125152179200211206186153116 85 67 67 87120159195219226215 8 7 8NG 914211215322699999999999999 3131011530 6599999999999999
189157127107101108125148171189196190172145118 97 88 95116146177202216214 8 7 9NG10 5196222321799999999999999 35810116 4 8899999999999999
198172144120105101107122141161176182177164145126114111120139163186203208 8 710NG11 6182225620899999999999999 452100164311199999999999999
201184160136116103 99103115132150165172172164153141132131139153171187198 8 711NG1227173233820099999999999999 6 0 99173813199999999999999
199191175154133114100 93 95106122141158170175173166156148145148158171184 8 712NG1412175999999999999999999999 717 9319 214599999999999999
192193186172153131110 94 84 85 96115137158176186187180169157149149156168 8 713NG 037193153818799999999999999 825 84203314899999999999999
180189192187174153128103 84 73 75 88111138166188200201191174158147144151 8 714NG 153192163320299999999999999 923 72214414499999999999999
165180192197192176151122 93 71 61 65 84113147180204215211195172151139138 8 715NG 3 11971714215999999999999991013 61223513799999999999999
148166186201206198177146111 79 57 50 59 85122162197220226215191163140129 8 716NG 3542061749226999999999999991056 50231612899999999999999
132149174198214215201173135 96 64 44 42 60 94138182216233231210179148127 8 717NG 4382171822235999999999999991136 41235212099999999999999
120131156187212225221200163120 79 49 35 41 69111160203232241227198162132 8 718NG 5172261853241999999999999991212 34999999999999999999999
114116136168201225233222191149102 63 37 31 49 86135184223243240216180143 8 719NG 555233192324599999999999999 0261131245 3199999999999999
115105116145182215234235215178131 85 50 32 38 66111162207237246231199159 8 720NG 633237195224699999999999999 0591051317 3199999999999999
123102101121156194223237230203161113 71 44 37 54 92140188225244241215177 8 721NG 712237202124699999999999999 133 991347 3799999999999999
137107 94102129166201226233220188144 99 65 48 52 79121167208235243228195 8 722NG 753233205024399999999999999 2 8 931418 4799999999999999
154118 94 90105135171202222224207173131 93 68 62 76108149189221237233209 8 723NG 838226211923899999999999999 245 891449 6299999999999999
173135104 87 89107137170198214213194162127 98 82 84104135171203224230218 8 724NG 927216214923099999999999999 326 861523 8199999999999999
190155121 95 84 88106134164189202201185159132112104110129156184208220219 8 725NG1025204222422199999999999999 414 8316 310499999999999999
202175143113 92 82 85100124152176190192182165146133129134148168189205212 8 726NG113819323 821299999999999999 515 81165712999999999999999
208192168140113 91 78 77 89110137162180189188179167156150150158170185198 8 727NG1321190999999999999999999999 634 76182514999999999999999
204202190170144116 90 72 66 73 93121150176193201198188175163157157165177 8 728NG 015204151420199999999999999 758 66202615699999999999999
191201204197180152119 87 62 51 55 75107144178204218218205186167153149155 8 729NG 151204162822099999999999999 914 50215514999999999999999
169188204213210192160120 80 50 34 38 62100145188221236233214186160141136 8 730NG 3172141719237999999999999991018 33225413699999999999999
144165191214228225203165117 71 36 20 27 57103157205238251240211176145125 8 731NG 42222918 1251999999999999991113 19234012199999999999999
122137166199228242237209163109 60 24 11 25 64118176224253257235198158125 8 8 1NG 51524318382599999999999999912 1 11999999999999999999999
108112136173211240251240206154 98 49 18 13 36 84142199241261253221177135 8 8 2NG 6 3251191226199999999999999 0201071242 1199999999999999
106 95108141182221246253235194140 86 43 21 27 61114171221253258237197152 8 8 3NG 647253194326099999999999999 057 951318 2099999999999999
113 90 89112150191226246245220177125 78 45 36 54 95148199237254245214170 8 8 4NG 728248201025499999999999999 132 871351 3699999999999999
127 95 82 91120159197225238229201158113 76 57 62 89133180219243245224186 8 8 5NG 8 8238203524799999999999999 2 5 821420 5699999999999999
143107 85 82 99130166197218223209180143108 84 79 94126165202228238227198 8 8 6NG 847223205823899999999999999 238 811446 7899999999999999
160123 96 83 88108137167191205205190164135112101106126156187213226223204 8 8 7NG 929207212022799999999999999 312 83151210199999999999999
174141112 93 88 97115139163182191188175156138125123133152175197212215205 8 8 8NG1017191214521699999999999999 351 88154112399999999999999
184157131110 97 95103117136155170177177169159149144145153167182196203201 8 8 9NG1125178221720399999999999999 442 95162014499999999999999
189171150130114104100103113127144158168173173170166162161164170179187191 8 810NG1333174231119199999999999999 6 1100174916199999999999999
189181168153136120107 99 97104117133151167179185186182175167163164169176 8 811NG1538187999999999999999999999 741 97202016399999999999999
182184182174161143123105 91 87 92106127151174192202202192178164155153159 8 812NG 1 0184162720399999999999999 859 87214015399999999999999
170181189191185169146120 95 78 73 80100128160190210218211193171152141141 8 813NG 24519217 121899999999999999 956 73222714099999999999999
153171189202205196174142109 80 63 60 73102139178210228229212185156134126 8 814NG 3452061731231999999999999991041 5923 312699999999999999
133153180204219219202171131 92 63 48 52 75114160202231242231202167135116 8 815NG 4302211758242999999999999991118 47233611299999999999999
114131161196223235228201160114 74 46 38 53 89137186226248246222183143112 8 816NG 5 92351825250999999999999991152 38999999999999999999999
 99107136176214239245228192143 95 56 36 39 67113166214247256240203158117 8 817NG 546246185225799999999999999 0 8 991223 3499999999999999
 91 87108147192230250248221176124 77 46 36 52 92144197238258253222177129 8 818NG 625252191826099999999999999 040 861253 3699999999999999
 92 75 83115161207240254242207158107 67 45 48 77125177223252258238197147 8 819NG 7 4254194425999999999999999 112 751323 4399999999999999
102 73 67 86126174216243249230190141 96 66 57 73110159205239254246214167 8 820NG 74425020 925599999999999999 145 661352 5799999999999999
119 82 63 67 95137182218238237213174130 96 78 81105144187222243245224186 8 821NG 827241203424799999999999999 219 621421 7699999999999999
141 99 71 62 74104143182212227221197162129106 99111138172204227236227201 8 822NG 91422721 023699999999999999 256 621452 9999999999999999
163123 90 70 67 81109143175200210204185160138126127140163188209221221207 8 823NG10 8210213022399999999999999 340 66152612599999999999999
182150118 92 77 75 86107134161182193192181167156150153162176191203208205 8 824NG1122194221120899999999999999 439 74161215099999999999999
193173149124102 86 80 84 97119143165180187188183177172170171175182189193 8 825NG1331188233519499999999999999 6 8 80181317099999999999999
194189177160138114 93 79 74 82101126152176193203203197186175167163166173 8 826NG1536204999999999999999999999 751 7421 416399999999999999
183192196192178154124 94 71 60 64 84114149182208222222209188167151144148 8 827NG 2 5196162822499999999999999 913 6022 914499999999999999
161181200212212196165126 87 58 44 50 74113158199228240232209177148128123 8 828NG 33121417 5240999999999999991013 43225112299999999999999
133157187215231230208169121 76 44 32 43 77125177221248251231196156123104 8 829NG 42723317382539999999999999911 2 32232710299999999999999
105127162201233248241210162109 63 34 28 50 94149203243260250217172129 97 8 830NG 51324918 8260999999999999991142 27999999999999999999999
 85 97130174217247257242202149 95 53 31 37 71123180228258261236192142100 8 831NG 555257183626399999999999999 0 1 851218 3099999999999999
 75 74 98141189230255256231186132 83 50 41 60104159210247262248211161112 8 9 1NG 63325919 126299999999999999 033 711249 4099999999999999
 77 63 74109156203238253245213165116 77 57 63 94142192233255252224179129 8 9 2NG 710254192425799999999999999 1 4 631317 5699999999999999
 87 63 62 85125171211237243226190146106 80 75 94132177217243249231193147 8 9 3NG 746244194425099999999999999 133 591343 7499999999999999
103 71 60 71101142182213230227204170133105 93101128165202230240231203163 8 9 4NG 82123120 324199999999999999 2 1 6014 7 9399999999999999
121 87 68 68 86117153186208216207184156130114114130158189214228226208176 8 9 5NG 858216202323099999999999999 230 65143111299999999999999
139106 83 74 82102129158182197199189171151136131137155177199213216207185 8 9 6NG 940200204621799999999999999 3 3 74145713199999999999999
156127104 90 87 96112133155173183184177166156150150158170184196202199188 8 9 7NG1037185211420299999999999999 343 87152714999999999999999
169147127111102100105115129145160170174174172169167167169174179185187184 8 9 8NG1231175215918799999999999999 447100163416699999999999999
176164150136123113107105109119133148162174182185185181175169166167170174 8 9 9NG1522186999999999999999999999 647105202116699999999999999
176175170162149134118104 97 97106122143164183197202198187172158151151157 8 910NG 01417616 420299999999999999 827 96213115099999999999999
167178185185177160138114 94 83 83 96118147177201215216203181158140132136 8 911NG 232186163221799999999999999 928 8122 813299999999999999
151171190202202189164132101 78 67 72 92125163198223231221196164135117114 8 912NG 3322041657231999999999999991012 67224011399999999999999
128154184210222218195159119 84 61 55 68100143188223242239215178138108 94 8 913NG 4152231722244999999999999991049 542311 9399999999999999
101127166204231240226193147102 66 48 51 77121171216246253235196149107 80 8 914NG 4542401747254999999999999991122 462342 7499999999999999
 75 96136184225250251227183131 85 54 44 59 98150202242260252218168116 77 8 915NG 5332531812261999999999999991154 44999999999999999999999
 57 65100151203243261253219168115 73 50 52 81129183230258262237190134 84 8 916NG 612262183726499999999999999 014 571225 4899999999999999
 51 44 65111168219254264246204152103 70 58 73112164213248262249211157102 8 917NG 65226419 326299999999999999 046 431256 5899999999999999
 59 36 42 75126182228255257232188139 99 77 79104147194232253252226180126 8 918NG 734259192725699999999999999 119 351327 7599999999999999
 77 44 34 50 89140190228247241213173133105 95107138177213238245232199152 8 919NG 817248195224699999999999999 154 341357 9599999999999999
104 65 43 42 64102147189219230222196164136120121138166196220231228208175 8 920NG 9 4231201823299999999999999 232 40142811899999999999999
134 96 67 53 57 78110146179202210203185164147141147162182200212216207188 8 921NG10 1210204721699999999999999 317 5215 214199999999999999
160129101 80 70 72 86109137163183192191183173165163166174183191196196190 8 922NG1122193213119799999999999999 420 69155316399999999999999
177159138117 98 85 81 86101122145166181189191188183178173171170172176179 8 923NG1349191235918199999999999999 558 81194017099999999999999
181179171157137115 95 81 79 88107132158181198206205195181166154148150158 8 924NG1521206999999999999999999999 745 78211814899999999999999
171183191190178154124 96 75 67 75 96128162193215223216197171147129123130 8 925NG 22519216 222399999999999999 9 0 67215912399999999999999
148172196211211195163125 89 64 56 68 96136177212233234216185150119101100 8 926NG 333213163423699999999999999 955 562233 9999999999999999
118148183214231227203162117 78 55 51 71109156200233246236204162120 90 77 8 927NG 42223217 3246999999999999991038 5023 5 7799999999999999
 87116158200232245234200153105 69 50 57 87133183225249249223180131 89 64 8 928NG 5 32451729253999999999999991116 502336 6099999999999999
 62 84126175218246251230189139 94 63 56 74114164211244254238199148 98 62 8 929NG 5422531754255999999999999991148 55999999999999999999999
 47 58 94143193233253247217171124 85 66 71101147195234252246215166114 70 8 930NG 618254181625399999999999999 0 5 471218 6599999999999999
 44 42 67111163210241250235199153112 84 78 96134180220245247226184133 85 810 1NG 652251183724999999999999999 034 401245 7799999999999999
 51 38 50 85133181220241240216178138106 91 98126166206234243231198152104 810 2NG 726243185724399999999999999 1 1 381311 9099999999999999
 65 44 44 67107152194223233223196161128108106123155191220234230206168124 810 3NG 8 0233191723599999999999999 129 41133710499999999999999
 85 58 49 60 88127166198217219204178149127118126148177204221223209180143 810 4NG 836220193922499999999999999 157 4914 311899999999999999
107 78 62 63 79107140171194205202187166146134134146166188205212206187159 810 5NG 91520620 421299999999999999 228 60143113399999999999999
129101 82 75 80 96119145168184191187176162152147150161175187195196187170 810 6NG10 6191203319799999999999999 3 5 7515 514799999999999999
147125106 94 90 95106122141159172178178174168163161162166171177180179173 810 7NG1129179211918099999999999999 358 90161116199999999999999
161147132119108102101107117132148162173179181180175169163159158161164167 810 8NG14 2181233416899999999999999 537101194715899999999999999
167164156145132118106 99 99107122141161178190195192182168153143139143153 810 9NG15 8195999999999999999999999 729 98205713999999999999999
164173177173160142120102 90 88 98117143169192207209199179154132119118130 81010NG 2 0177154221099999999999999 839 87213411799999999999999
149171188196190172145115 91 77 77 93120155188213224218195162129104 93100 81011NG 3 619616 922499999999999999 928 7522 6 9399999999999999
123156187210217205177140104 77 66 72 97134176212233235215178135 97 73 70 81012NG 35321716352379999999999999910 9 652238 6999999999999999
 90127170209232234214175131 92 66 60 77112158202235248235200151101 63 46 81013NG 43623617 1248999999999999991047 602311 4599999999999999
 54 88138190231251245214168120 82 62 65 92136186227251250222173117 67 34 81014NG 5172521728254999999999999991123 602345 2699999999999999
 27 49 96154209248262247208158111 78 66 80117166213246257241199142 84 38 81015NG 5592621756257999999999999991158 66999999999999999999999
 14 19 54110171224257263240197147106 81 80104146193232253250221170111 57 81016NG 642264182425599999999999999 020 121233 7899999999999999
 20  7 23 66125184231256254227184140107 93102132173213240248233195143 88 81017NG 726258185224899999999999999 057  713 7 9399999999999999
 42 15 12 37 82137189228245238210172138116112128158192221236233210171123 81018NG 812246192123799999999999999 136 10134211199999999999999
 76 41 23 27 54 96144187217228219195166142130133150175199216222213189154 81019NG 9 3228195322299999999999999 218 22141812999999999999999
114 78 51 40 47 70104143177201209203185166151146150163179193202202193174 81020NG10 2209203320399999999999999 3 8 4015 214699999999999999
147118 90 70 60 64 80106136164185194193184172163159159163170176181182178 81021NG1121195214718299999999999999 414 60162415899999999999999
168152131109 90 78 75 84102127153174187192190182173163155150150154160168 81022NG13 7192999999999999999999999 544 75193815099999999999999
173173165149129107 89 80 82 97120147171190200200190175156139128125131145 81023NG 029173142820199999999999999 716 79204912599999999999999
162177185182167143116 92 79 79 94119150179201212208191166138114101101114 81024NG 217186151521299999999999999 828 772130 9999999999999999
138165189202199180150117 90 75 78 96127162194216222209182146112 86 75 83 81025NG 321203154922299999999999999 922 7422 5 7599999999999999
107142177205218211185149112 85 74 81107143181212229225200161119 82 59 57 81026NG 4 921816192309999999999999910 6 742238 5599999999999999
 75111154194222229215182142105 82 77 92125166203228234217180133 88 54 40 81027NG 4502301646234999999999999991045 7623 9 3999999999999999
 48 79124172212235234211172131 98 81 86111149190222236228198152102 60 34 81028NG 5282371710237999999999999991119 802338 2999999999999999
 30 52 93144192227241230200159121 94 87101134175211233234212172121 74 38 81029NG 6 42411734236999999999999991150 86999999999999999999999
 23 33 66114166209235239220184145112 95 98123160197225234222189142 93 52 81030NG 639241175723499999999999999 0 8 231220 9399999999999999
 27 24 46 87137184220236230204168132108101115146182213229225202162115 71 81031NG 713237182023099999999999999 037 22124910199999999999999
 39 26 35 66110157197223229215186152124110114135167198219223209178137 94 811 1NG 747229184522499999999999999 1 6 26131810999999999999999
 59 38 36 54 88130170202218216197170142122118129153181204215210189156118 811 2NG 822219191221599999999999999 136 34134811799999999999999
 82 56 45 52 74107144177199208200182158138127129144165187201203193169139 811 3NG 9 1208194220499999999999999 2 9 45142012699999999999999
106 79 62 59 69 91120150176192195187171154141136141153169182190188176155 811 4NG 947196201919099999999999999 245 5815 013699999999999999
129104 85 74 73 84102126150171183186180168156147144146153162171175173164 811 5NG1046186211417599999999999999 332 7216 514499999999999999
148129110 95 86 85 92107126147166178182180172163153146142143148155161163 811 6NG12 7182225916399999999999999 438 84181814299999999999999
160151137122106 95 91 94105123144164179187187180167152137127124128139152 811 7NG1331188999999999999999999999 6 6 91195512499999999999999
162166163152135116100 91 91102121145169187197197185164140118103100109128 811 8NG 1 4166142719899999999999999 727 89204510099999999999999
150170181181168146121 99 87 86 99123152181201210204183151118 90 74 76 94 811 9NG 22818215 621099999999999999 831 852125 7399999999999999
124158186201200183153122 96 82 84102132167198218221205171129 88 58 46 56 81110NG 326203154122299999999999999 924 8122 3 4699999999999999
 86129172206223218193156119 92 79 86110147185216231225196150 99 55 27 23 81111NG 4162231613232999999999999991010 792241 2199999999999999
 44 87140190226240229197155116 89 81 94125167205232238220179124 69 26  4 81112NG 5 42401646239999999999999991054 812320  299999999999999
  8 41 94154207241250233195151113 90 88108145187222241237207157 98 43  5 81113NG 5502511720242999999999999991136 86999999999999999999999
-10  4 46106167218249252229189146112 95100126165204232241227189135 76 26 81114NG 637254175524299999999999999 0 1-101217 9499999999999999
 -6-12 10 58118177223248245219180141113104116145182214234234212171117 63 81115NG 724250183123699999999999999 044-14125710499999999999999
 20 -5 -4 24 72129182221239232205170138118116131159191215226220195155106 81116NG 812239191022699999999999999 128 -8133811499999999999999
 59 24  6 12 41 86137182214226217192162138125127142166190206212203180144 81117NG 9 3226195521299999999999999 215  6142212499999999999999
103 64 36 24 33 59 98141178203211202182158140131134146163179190194187168 81118NG 957211205119499999999999999 3 6 24151613199999999999999
140107 77 54 45 53 75107142173193200192176158143135134140150161171176174 81119NG1056200221417699999999999999 4 4 45163613399999999999999
162142118 93 74 65 70 87113143169187193188175159144132125125131141153163 81120NG12 2193999999999999999999999 510 65183312499999999999999
167163151131110 91 81 82 96118144168185192189176158138121108104109122139 81121NG 0 516713 919299999999999999 624 80195710499999999999999
156168170162145124104 92 91102123148172189196191175152126102 86 82 90109 81122NG 14517114 619699999999999999 734 902051 8299999999999999
133158175182175157133111 98 96108129155179196201192169139106 79 63 63 77 81123NG 259182145220199999999999999 837 952133 6199999999999999
104137167188195185164137113100100114139166190204204187157119 83 56 44 50 81124NG 355195152920699999999999999 929 982210 4399999999999999
 74109148182203206191165135111100104123151179201210202176137 95 59 35 30 81125NG 44020716 2210999999999999991015 992244 3099999999999999
 46 80122165199216212191160129107100110135166194211211193158114 71 38 21 81126NG 52021716322139999999999999910551002317 2099999999999999
 26 52 93141184214223212185151121103103120150182206216206178136 90 49 22 81127NG 55722317 12169999999999999911311012350 1599999999999999
 15 30 66113161201224224205173139112102110134167197214214195159114 69 33 81128NG 63222717302179999999999999912 5102999999999999999999999
 15 18 43 85134180213226218192158126106104121150183207216207179138 92 52 81129NG 7 622618 021699999999999999 022 13123710399999999999999
 24 15 28 61107154194218222205176143116105112135166194211211193160117 75 81130NG 740223183121499999999999999 054 1513 810599999999999999
 41 22 24 45 83128170202216211190159130111108122148177199208201177141100 812 1NG 81421719 320899999999999999 127 20134010799999999999999
 63 37 28 38 65104145181204209198174146123111115133158182197199186159124 812 2NG 849210193820099999999999999 2 0 28141511199999999999999
 88 58 41 40 55 85121157185201200185161137120115122139160178188186171145 812 3NG 927202202018999999999999999 234 38145511599999999999999
113 83 60 50 54 73102134164186196191175153133120117124138155168176173159 812 4NG10 9196211417699999999999999 312 50154811799999999999999
136109 85 68 62 69 88114143168185191184169150132119115118129142155164163 812 5NG1057191222916599999999999999 356 6217 311599999999999999
153135114 93 80 75 82 98122147170185189182167148128113104104112126143155 812 6NG1152189999999999999999999999 453 75183110399999999999999
161156143125107 93 87 91105126150172186190183167144120 99 86 83 92111133 812 7NG 0 3161125219099999999999999 6 5 871943 8399999999999999
153166168159141121105 95 97109129154176191195186166137105 78 61 59 72 98 812 8NG 139168134919599999999999999 723 952039 5899999999999999
129158178185177159135114101100111133160184199202189161124 85 53 34 35 55 812 9NG 258185144120399999999999999 835 992129 3299999999999999
 90130168194204196173144119103101114138168194209209189153107 62 27 10 15 81210NG 4 2204152821199999999999999 9381002216  999999999999999
 43 87137181211221210183149121103102118147179206219213186142 89 40  5-10 81211NG 457221161421999999999999999103410123 4-1099999999999999
  2 38 90146195226234218186149119102104124157191217226214180129 73 22-11 81212NG 54823416582269999999999999911241012352-2299999999999999
-21 -4 39 97157206235239218182144115101108133168202224229211171117 59 11 81213NG 6372401743230999999999999991211101999999999999999999999
-20-24  0 48109168215239236211173136110101113141177208226226203161106 51 81214NG 724241182922999999999999999 040-26125610199999999999999
  6-19-17 12 63123178218236227198161127106103119148182208222217192149 97 81215NG 810236191622299999999999999 127-22133910199999999999999
 47  9 -9 -1 32 82137186218227213183147118103105123151180202211204178138 81216NG 85322720 621199999999999999 212-10142310199999999999999
 92 49 19  9 23 57103151190213215197167136112102106124148171189195188165 81217NG 93521721 019599999999999999 256  9151110199999999999999
130 91 58 36 33 50 82123162191205201181153127108101105119138157172178172 81218NG101520622 217899999999999999 339 3216 710099999999999999
153126 96 72 58 60 77105138169189196188168144121105 97 99109124140155162 81219NG1056196231716299999999999999 424 571718 9799999999999999
160147128107 90 81 84 99122148171185187178160138117100 90 88 95108125140 81220NG1141188999999999999999999999 515 811843 8899999999999999
151154149136121108101103114133153171181181172155134112 92 79 74 79 93113 81221NG 051154123318299999999999999 6181011958 7499999999999999
132148157157149136123115114122137155169178178170152129103 80 64 59 66 83 81222NG 230158133317999999999999999 7351142057 5999999999999999
107132154168170163148133121118124138155170179180169149121 91 65 48 44 56 81223NG 345171143318199999999999999 8511182144 4499999999999999
 79109141167182184173154135121116123139158175184183169142109 75 48 33 34 81224NG 437185152418599999999999999 9531162226 3199999999999999
 51 82119156184197194177153130115112123142165183191185165132 94 58 31 21 81225NG 51819816 719199999999999999104111223 5 2199999999999999
 28 54 93136174200208198173144120107109126151176194198185156117 76 40 17 81226NG 55520816451989999999999999911211062342 1399999999999999
 14 30 65110156193213212193163131108100110134164190204200179143100 57 24 81227NG 6282151720204999999999999991157100999999999999999999999
  8 13 40 82132176208219208181146116 98 98117147179202209197168126 80 40 81228NG 7 0219175420999999999999999 016  81229 9699999999999999
 13  6 22 57105154194216217197164128102 92101128161191209208188151106 61 81229NG 731219182821199999999999999 049  613 1 9299999999999999
 26  8 12 38 81130175207218208180144112 92 91109140174199209200173132 86 81230NG 8 121819 220999999999999999 120  71333 8999999999999999
 46 20 13 28 63108155192212212192159124 97 86 94119151181200203187155113 81231NG 829215193920499999999999999 149 1214 5 8699999999999999
